289869 , 
290417 , 
290962 , 
290899 , 
293133 , 
291027 , 
291191 , 
291460 , 
291585 , 
291640 , 
291659 , 
291704 , 
291727 , 
291801 , 
291872 , 
291966 , 
292013 , 
292225 , 
292514 , 
292769 , 
292622 , 
292778 , 
292846 , 
292996 , 
293071 , 
293095 , 
293185 , 
293260 , 
293210 , 
293278 , 
293293 , 
293463 , 
293570 , 
293605 , 
293615 , 
293948 , 
294393 , 
293959 , 
296413 , 
294109 , 
294128 , 
294135 , 
294153 , 
294228 , 
294287 , 
294312 , 
294323 , 
294395 , 
294343 , 
294399 , 
294443 , 
294505 , 
294615 , 
294619 , 
302040 , 
294600 , 
294656 , 
294673 , 
294704 , 
294702 , 
294705 , 
294712 , 
294717 , 
294893 , 
294772 , 
294787 , 
294905 , 
294790 , 
294827 , 
294975 , 
294874 , 
294915 , 
294900 , 
294899 , 
294944 , 
294950 , 
294966 , 
295006 , 
295037 , 
295069 , 
295148 , 
295182 , 
295197 , 
295199 , 
295226 , 
295234 , 
295341 , 
295823 , 
295909 , 
296002 , 
296042 , 
298090 , 
296628 , 
296610 , 
296728 , 
297035 , 
296875 , 
298353 , 
297159 , 
297177 , 
297257 , 
297314 , 
297417 , 
297441 , 
297473 , 
300817 , 
297784 , 
297604 , 
297585 , 
297544 , 
297584 , 
297581 , 
297660 , 
297714 , 
297801 , 
297795 , 
298036 , 
297899 , 
297789 , 
297794 , 
297797 , 
297889 , 
299920 , 
297831 , 
297837 , 
297943 , 
297942 , 
297934 , 
297940 , 
297941 , 
298001 , 
298026 , 
298068 , 
298052 , 
298920 , 
299931 , 
298137 , 
300384 , 
298105 , 
298148 , 
298364 , 
298351 , 
298208 , 
298606 , 
298360 , 
298338 , 
300821 , 
298743 , 
298346 , 
298389 , 
298383 , 
298401 , 
300780 , 
298469 , 
298488 , 
298564 , 
298559 , 
298582 , 
298554 , 
298605 , 
298609 , 
298624 , 
298876 , 
298638 , 
298677 , 
298682 , 
298713 , 
298709 , 
298736 , 
298769 , 
298764 , 
298784 , 
298807 , 
298813 , 
298832 , 
298835 , 
298840 , 
298856 , 
299023 , 
298901 , 
298931 , 
298987 , 
298984 , 
298989 , 
299081 , 
299086 , 
300209 , 
299122 , 
299087 , 
299070 , 
300149 , 
300208 , 
300782 , 
299233 , 
299234 , 
299270 , 
299262 , 
299354 , 
299255 , 
299303 , 
299304 , 
299299 , 
300783 , 
299454 , 
300472 , 
299508 , 
299592 , 
299616 , 
299604 , 
299726 , 
299682 , 
299669 , 
299688 , 
299731 , 
299717 , 
300786 , 
299785 , 
299861 , 
299804 , 
299832 , 
299808 , 
299857 , 
299930 , 
299865 , 
299870 , 
299884 , 
299942 , 
300546 , 
299925 , 
299939 , 
299964 , 
299966 , 
299952 , 
300035 , 
300078 , 
299965 , 
299978 , 
299969 , 
300065 , 
299981 , 
299976 , 
300010 , 
300026 , 
300205 , 
300037 , 
300041 , 
300044 , 
300050 , 
300030 , 
300061 , 
300064 , 
300062 , 
300068 , 
300069 , 
300085 , 
300084 , 
300087 , 
300221 , 
300083 , 
300219 , 
300222 , 
300104 , 
300107 , 
300185 , 
300098 , 
300106 , 
300117 , 
300280 , 
300109 , 
300252 , 
300121 , 
300216 , 
300215 , 
300214 , 
300213 , 
300297 , 
300169 , 
300203 , 
300204 , 
300194 , 
300247 , 
300260 , 
300507 , 
300307 , 
300211 , 
300228 , 
300229 , 
300311 , 
300355 , 
300305 , 
300304 , 
300303 , 
300344 , 
300278 , 
300294 , 
301323 , 
300806 , 
300322 , 
300327 , 
300357 , 
300349 , 
300356 , 
300363 , 
300361 , 
300403 , 
300371 , 
300382 , 
300402 , 
300401 , 
300398 , 
300404 , 
300413 , 
300419 , 
301391 , 
300440 , 
300614 , 
300465 , 
300466 , 
300443 , 
300670 , 
300473 , 
300476 , 
300479 , 
300503 , 
300502 , 
302381 , 
300519 , 
300625 , 
300523 , 
300637 , 
300539 , 
300551 , 
300619 , 
300571 , 
300629 , 
300569 , 
300617 , 
300628 , 
300618 , 
300651 , 
300843 , 
300591 , 
301326 , 
300588 , 
300623 , 
300602 , 
300615 , 
300593 , 
300607 , 
300796 , 
300598 , 
300616 , 
301392 , 
300667 , 
300631 , 
300647 , 
300644 , 
300641 , 
300668 , 
300681 , 
300648 , 
300659 , 
300654 , 
300666 , 
300665 , 
300675 , 
300664 , 
300700 , 
300680 , 
300698 , 
300677 , 
300818 , 
300688 , 
300790 , 
300833 , 
300701 , 
300733 , 
300816 , 
300815 , 
300814 , 
301060 , 
300721 , 
300725 , 
300737 , 
300850 , 
300841 , 
300749 , 
300752 , 
300756 , 
300811 , 
300770 , 
300773 , 
300810 , 
300830 , 
300800 , 
300809 , 
300807 , 
300825 , 
300837 , 
300846 , 
301033 , 
300848 , 
300851 , 
300862 , 
301316 , 
300865 , 
300874 , 
300875 , 
300879 , 
300867 , 
300888 , 
300907 , 
300951 , 
300954 , 
300887 , 
300915 , 
300897 , 
300899 , 
300906 , 
300952 , 
300917 , 
300919 , 
300946 , 
300950 , 
300949 , 
300922 , 
301029 , 
300955 , 
300930 , 
300959 , 
300942 , 
301065 , 
300925 , 
300935 , 
300936 , 
300953 , 
301053 , 
300947 , 
300989 , 
300961 , 
300974 , 
300967 , 
301032 , 
300960 , 
300966 , 
300963 , 
300987 , 
300986 , 
300976 , 
300978 , 
300980 , 
300982 , 
300979 , 
300984 , 
300985 , 
300991 , 
301000 , 
301195 , 
301002 , 
301001 , 
301011 , 
301009 , 
301014 , 
301020 , 
301036 , 
301055 , 
301059 , 
301042 , 
301054 , 
301050 , 
301051 , 
301052 , 
301056 , 
301069 , 
301078 , 
301081 , 
301097 , 
301095 , 
301077 , 
301137 , 
301093 , 
301094 , 
301121 , 
301136 , 
301102 , 
301124 , 
301123 , 
301122 , 
301113 , 
301114 , 
301200 , 
301128 , 
301120 , 
301127 , 
301131 , 
301129 , 
301138 , 
301139 , 
301144 , 
301152 , 
301153 , 
301187 , 
301150 , 
301163 , 
301216 , 
301230 , 
301188 , 
301176 , 
301175 , 
301184 , 
301406 , 
301183 , 
301185 , 
301249 , 
301192 , 
301189 , 
301241 , 
301217 , 
301214 , 
301222 , 
301227 , 
301266 , 
301273 , 
301274 , 
301276 , 
301390 , 
301364 , 
301439 , 
301372 , 
301516 , 
301394 , 
301304 , 
301291 , 
301421 , 
301430 , 
301294 , 
301457 , 
301307 , 
301389 , 
301393 , 
301388 , 
301387 , 
301384 , 
301385 , 
301383 , 
301382 , 
301357 , 
301381 , 
301380 , 
301379 , 
301378 , 
301424 , 
301507 , 
301377 , 
301471 , 
301396 , 
301405 , 
301404 , 
301448 , 
301426 , 
301417 , 
301440 , 
301455 , 
301419 , 
301429 , 
301431 , 
301438 , 
301441 , 
301506 , 
301443 , 
301505 , 
301595 , 
301444 , 
301451 , 
301503 , 
301502 , 
301465 , 
301510 , 
301500 , 
301499 , 
301498 , 
301522 , 
301497 , 
301511 , 
301504 , 
301512 , 
301496 , 
301525 , 
301541 , 
301540 , 
301539 , 
301544 , 
301535 , 
301631 , 
301559 , 
301551 , 
301630 , 
301587 , 
301568 , 
301586 , 
301579 , 
301585 , 
301622 , 
301610 , 
301642 , 
301640 , 
301641 , 
301699 , 
301643 , 
301634 , 
301698 , 
301684 , 
301712 , 
301722 , 
301719 , 
301716 , 
301731 , 
301725 , 
301751 , 
301776 , 
301781 , 
301770 , 
301817 , 
301819 , 
301833 , 
301921 , 
301886 , 
301849 , 
301848 , 
301884 , 
301983 , 
301890 , 
301876 , 
301922 , 
301913 , 
301929 , 
301928 , 
301945 , 
301934 , 
301944 , 
301982 , 
301981 , 
301988 , 
301999 , 
302019 , 
302043 , 
302034 , 
302037 , 
302033 , 
302056 , 
302127 , 
302088 , 
302110 , 
302107 , 
302129 , 
302156 , 
302170 , 
302175 , 
302174 , 
302186 , 
302196 , 
302193 , 
302203 , 
302230 , 
302240 , 
302255 , 
302302 , 
302279 , 
302282 , 
302333 , 
302287 , 
302300 , 
302336 , 
302306 , 
302332 , 
302357 , 
302314 , 
302316 , 
302358 , 
302327 , 
302349 , 
302372 , 
