134001 , 
134013 , 
133819 , 
133823 , 
134015 , 
133967 , 
133958 , 
133892 , 
133858 , 
133856 , 
133848 , 
133687 , 
133930 , 
133939 , 
133702 , 
133891 , 
133723 , 
133280 , 
134066 , 
133676 , 
133320 , 
133331 , 
133470 , 
133426 , 
133293 , 
133365 , 
133390 , 
133391 , 
133764 , 
133493 , 
133787 , 
133518 , 
133549 , 
133466 , 
133443 , 
133475 , 
133061 , 
133234 , 
133230 , 
133112 , 
133111 , 
133196 , 
133191 , 
132942 , 
133059 , 
133065 , 
132864 , 
132844 , 
132924 , 
132887 , 
132902 , 
132873 , 
132855 , 
132850 , 
132877 , 
132870 , 
132858 , 
132854 , 
132886 , 
132861 , 
132933 , 
132853 , 
132910 , 
132918 , 
132917 , 
132919 , 
132891 , 
133085 , 
133080 , 
133078 , 
133207 , 
133116 , 
133143 , 
133062 , 
133036 , 
132997 , 
133011 , 
133033 , 
133006 , 
133153 , 
132970 , 
132769 , 
132818 , 
132602 , 
132610 , 
132613 , 
132664 , 
132679 , 
132796 , 
132675 , 
132656 , 
131833 , 
131712 , 
131762 , 
131735 , 
131689 , 
131755 , 
131723 , 
131801 , 
131697 , 
131660 , 
131753 , 
131738 , 
131699 , 
131684 , 
131737 , 
131651 , 
131672 , 
131725 , 
131757 , 
131732 , 
131805 , 
131778 , 
131752 , 
131696 , 
131724 , 
132140 , 
132144 , 
132092 , 
131971 , 
132223 , 
132093 , 
131965 , 
132046 , 
132225 , 
132078 , 
132015 , 
132116 , 
132119 , 
132416 , 
132017 , 
132418 , 
132403 , 
132137 , 
132419 , 
132133 , 
132152 , 
130706 , 
130724 , 
130774 , 
130709 , 
130779 , 
130719 , 
130759 , 
130798 , 
130778 , 
130740 , 
130795 , 
130665 , 
130485 , 
130546 , 
130596 , 
130507 , 
130573 , 
130654 , 
130509 , 
130647 , 
130646 , 
130526 , 
130516 , 
130520 , 
130581 , 
130588 , 
130500 , 
130552 , 
130504 , 
130524 , 
130565 , 
130655 , 
130659 , 
130670 , 
130635 , 
130645 , 
130601 , 
130580 , 
130625 , 
130529 , 
132270 , 
132026 , 
132555 , 
132500 , 
132245 , 
132258 , 
132551 , 
132539 , 
132041 , 
132514 , 
132538 , 
132524 , 
132276 , 
132241 , 
126741 , 
126827 , 
126801 , 
126839 , 
126787 , 
126714 , 
126748 , 
126776 , 
126706 , 
126728 , 
126826 , 
126759 , 
126691 , 
126843 , 
126782 , 
126806 , 
126834 , 
126688 , 
126739 , 
126725 , 
126779 , 
126795 , 
126746 , 
126828 , 
126793 , 
126775 , 
126829 , 
126786 , 
126792 , 
126733 , 
126737 , 
131939 , 
132338 , 
132361 , 
132369 , 
132368 , 
131936 , 
132714 , 
132298 , 
126516 , 
126657 , 
126521 , 
126648 , 
126656 , 
126548 , 
126511 , 
126571 , 
126683 , 
126580 , 
126586 , 
126583 , 
126609 , 
126555 , 
126601 , 
126477 , 
126613 , 
126626 , 
126663 , 
126682 , 
126510 , 
126470 , 
126664 , 
126563 , 
126540 , 
126651 , 
126662 , 
126618 , 
126616 , 
126493 , 
126449 , 
126453 , 
126467 , 
126460 , 
126458 , 
132581 , 
126441 , 
126376 , 
126369 , 
126363 , 
126429 , 
126389 , 
126371 , 
126384 , 
126387 , 
126362 , 
126413 , 
126353 , 
126370 , 
126346 , 
126360 , 
126397 , 
126424 , 
126336 , 
132161 , 
132584 , 
132578 , 
131836 , 
132348 , 
132358 , 
132351 , 
126316 , 
126320 , 
132509 , 
131847 , 
131846 , 
131922 , 
132359 , 
131842 , 
132301 , 
132697 , 
132377 , 
131950 , 
131902 , 
126305 , 
126264 , 
126265 , 
126288 , 
126275 , 
126299 , 
126302 , 
132582 , 
131890 , 
126256 , 
126222 , 
126162 , 
126128 , 
126105 , 
126194 , 
126063 , 
126156 , 
126164 , 
126050 , 
126225 , 
126231 , 
126106 , 
126154 , 
126124 , 
126053 , 
126103 , 
126064 , 
126107 , 
126082 , 
126189 , 
126221 , 
126182 , 
126166 , 
126023 , 
126024 , 
125873 , 
125887 , 
125849 , 
125868 , 
125985 , 
125847 , 
125936 , 
125883 , 
125939 , 
125973 , 
125975 , 
125928 , 
125971 , 
125932 , 
125907 , 
125829 , 
125763 , 
125687 , 
125560 , 
125807 , 
125775 , 
125564 , 
125755 , 
125741 , 
125675 , 
125577 , 
125563 , 
125632 , 
125602 , 
125582 , 
125789 , 
125651 , 
125615 , 
125806 , 
125665 , 
125507 , 
125541 , 
125515 , 
125502 , 
125496 , 
125489 , 
125493 , 
125481 , 
125479 , 
133670 , 
132738 , 
125265 , 
125232 , 
125274 , 
125230 , 
125223 , 
125205 , 
125314 , 
125300 , 
125399 , 
125151 , 
125214 , 
125261 , 
125162 , 
125171 , 
125306 , 
125136 , 
125199 , 
125302 , 
125168 , 
125332 , 
125253 , 
125135 , 
125140 , 
125391 , 
125118 , 
125066 , 
125084 , 
125071 , 
125088 , 
125048 , 
125055 , 
125019 , 
125007 , 
124997 , 
125013 , 
124950 , 
124867 , 
124910 , 
124895 , 
124872 , 
124873 , 
132812 , 
124707 , 
124746 , 
124708 , 
124757 , 
124718 , 
124762 , 
124686 , 
124705 , 
124629 , 
124660 , 
124632 , 
124640 , 
124667 , 
124634 , 
124672 , 
124642 , 
124656 , 
124625 , 
124654 , 
124622 , 
124542 , 
124586 , 
124598 , 
124514 , 
124375 , 
124403 , 
124264 , 
124321 , 
124342 , 
124178 , 
124173 , 
124193 , 
124009 , 
124029 , 
123856 , 
123923 , 
123822 , 
123867 , 
123922 , 
123562 , 
123480 , 
123476 , 
123462 , 
123514 , 
123466 , 
123100 , 
122335 , 
122334 , 
121885 , 
121851 , 
114932 , 
114252 , 
113367 , 
104622 , 
104175 , 
134134 , 
132944 , 
132916 , 
133599 , 
133178 , 
133166 , 
131776 , 
131773 , 
132278 , 
130496 , 
126773 , 
126314 , 
131905 , 
132760 , 
126266 , 
126118 , 
126203 , 
126148 , 
126043 , 
126013 , 
132748 , 
125986 , 
125889 , 
125919 , 
125859 , 
125604 , 
125795 , 
125805 , 
132740 , 
125202 , 
125206 , 
125393 , 
125419 , 
125219 , 
125102 , 
125031 , 
124849 , 
124913 , 
132808 , 
124564 , 
124340 , 
124179 , 
124072 , 
123703 , 
123503 , 
123178 , 
121241 , 
120747 , 
120331 , 
133797 , 
132880 , 
132852 , 
132876 , 
132899 , 
132856 , 
132923 , 
132847 , 
132192 , 
131802 , 
131797 , 
132333 , 
132331 , 
130817 , 
130595 , 
132413 , 
132464 , 
132455 , 
126847 , 
132715 , 
126329 , 
126321 , 
131841 , 
126290 , 
126280 , 
126284 , 
131883 , 
132754 , 
126176 , 
126144 , 
126240 , 
126169 , 
126046 , 
126151 , 
126085 , 
126197 , 
126168 , 
126183 , 
126077 , 
126072 , 
126052 , 
126044 , 
125848 , 
125881 , 
125984 , 
125840 , 
125486 , 
125485 , 
132836 , 
125249 , 
125404 , 
125331 , 
123501 , 
122879 , 
122362 , 
131668 , 
131761 , 
131811 , 
130606 , 
130553 , 
126863 , 
126730 , 
126862 , 
126815 , 
126488 , 
126570 , 
126468 , 
126666 , 
126475 , 
126485 , 
126565 , 
126687 , 
126503 , 
126658 , 
126537 , 
126385 , 
126417 , 
126312 , 
126310 , 
126307 , 
126262 , 
126259 , 
126226 , 
126062 , 
126152 , 
126138 , 
126098 , 
126066 , 
126047 , 
126027 , 
125994 , 
125920 , 
125858 , 
125964 , 
125955 , 
125852 , 
125977 , 
125747 , 
125628 , 
125649 , 
125733 , 
125646 , 
125586 , 
125817 , 
125748 , 
125642 , 
125676 , 
125754 , 
125673 , 
125672 , 
125812 , 
125708 , 
125762 , 
125740 , 
125797 , 
125727 , 
125656 , 
125589 , 
125783 , 
125677 , 
125668 , 
125503 , 
125529 , 
125506 , 
125544 , 
125539 , 
125509 , 
125498 , 
125463 , 
125465 , 
125474 , 
125472 , 
125467 , 
125456 , 
125471 , 
125454 , 
125461 , 
125478 , 
125464 , 
125468 , 
125442 , 
125445 , 
125441 , 
125443 , 
125444 , 
125129 , 
125333 , 
125310 , 
125382 , 
125159 , 
125142 , 
125170 , 
125418 , 
125374 , 
125381 , 
125431 , 
125367 , 
125298 , 
125279 , 
125324 , 
125210 , 
125126 , 
125267 , 
125163 , 
125364 , 
125211 , 
125275 , 
125323 , 
125120 , 
125360 , 
125280 , 
125234 , 
125254 , 
125359 , 
125307 , 
125237 , 
125357 , 
125239 , 
125429 , 
125289 , 
125262 , 
125130 , 
125286 , 
125231 , 
125242 , 
125438 , 
125160 , 
125371 , 
125437 , 
125362 , 
125145 , 
125240 , 
125258 , 
125369 , 
125297 , 
125341 , 
125328 , 
125340 , 
125327 , 
125247 , 
125434 , 
125266 , 
125389 , 
125425 , 
125285 , 
125385 , 
125322 , 
125388 , 
125312 , 
125259 , 
125299 , 
125095 , 
125090 , 
125038 , 
125083 , 
125113 , 
125080 , 
125109 , 
125091 , 
125070 , 
124928 , 
125026 , 
124956 , 
124945 , 
125002 , 
125018 , 
125009 , 
124964 , 
125020 , 
124968 , 
124989 , 
124953 , 
124961 , 
124921 , 
124916 , 
124917 , 
124860 , 
124897 , 
124896 , 
124894 , 
124838 , 
124885 , 
124840 , 
124862 , 
124845 , 
124904 , 
124847 , 
124813 , 
124773 , 
124821 , 
124809 , 
124792 , 
124833 , 
124784 , 
124808 , 
124770 , 
124783 , 
124736 , 
124739 , 
124714 , 
124696 , 
124720 , 
124758 , 
124723 , 
124704 , 
124702 , 
124760 , 
124752 , 
124698 , 
124744 , 
124732 , 
124676 , 
124661 , 
124644 , 
124657 , 
124631 , 
124627 , 
124641 , 
124670 , 
124607 , 
124535 , 
124559 , 
124518 , 
124534 , 
124561 , 
124543 , 
124537 , 
124560 , 
124615 , 
124541 , 
124610 , 
124577 , 
124539 , 
124515 , 
124592 , 
124505 , 
124548 , 
124579 , 
124594 , 
124585 , 
124574 , 
124616 , 
124567 , 
124485 , 
124495 , 
124357 , 
124443 , 
124358 , 
124391 , 
124406 , 
124412 , 
124450 , 
124413 , 
124359 , 
124399 , 
124427 , 
124448 , 
124401 , 
124379 , 
124393 , 
124459 , 
124408 , 
124407 , 
124454 , 
124395 , 
124416 , 
124426 , 
124283 , 
124278 , 
124310 , 
124233 , 
124249 , 
124345 , 
124236 , 
124334 , 
124285 , 
124309 , 
124299 , 
124352 , 
124262 , 
124275 , 
124286 , 
124325 , 
124227 , 
124349 , 
124269 , 
124319 , 
124313 , 
124315 , 
124224 , 
124176 , 
124177 , 
124196 , 
124115 , 
124138 , 
124197 , 
124116 , 
124200 , 
124223 , 
124141 , 
124162 , 
124180 , 
124135 , 
124143 , 
124133 , 
124120 , 
124129 , 
124205 , 
124130 , 
124175 , 
124157 , 
124188 , 
124144 , 
124168 , 
124201 , 
124159 , 
124194 , 
124148 , 
124128 , 
124147 , 
124164 , 
124110 , 
124098 , 
124053 , 
124007 , 
124082 , 
124061 , 
124001 , 
124045 , 
124018 , 
123964 , 
123985 , 
124078 , 
123973 , 
124022 , 
124040 , 
124079 , 
124093 , 
124038 , 
123950 , 
124003 , 
124091 , 
123954 , 
123983 , 
124023 , 
123943 , 
124085 , 
124000 , 
124044 , 
123987 , 
124025 , 
124060 , 
123996 , 
124052 , 
123960 , 
123958 , 
124067 , 
123942 , 
124005 , 
124081 , 
124020 , 
123934 , 
123927 , 
123940 , 
123820 , 
123817 , 
123864 , 
123886 , 
123904 , 
123910 , 
123902 , 
123905 , 
123816 , 
123830 , 
123842 , 
123855 , 
123818 , 
123900 , 
123889 , 
123883 , 
123871 , 
123890 , 
123832 , 
123807 , 
123805 , 
123735 , 
123774 , 
123795 , 
123628 , 
123731 , 
123639 , 
123654 , 
123684 , 
123661 , 
123750 , 
123699 , 
123770 , 
123757 , 
123649 , 
123709 , 
123713 , 
123736 , 
123695 , 
123738 , 
123753 , 
123728 , 
123725 , 
123689 , 
123624 , 
123721 , 
123761 , 
123704 , 
123694 , 
123688 , 
123653 , 
123739 , 
123633 , 
123675 , 
123718 , 
123768 , 
123642 , 
123701 , 
123622 , 
123771 , 
123647 , 
123719 , 
123637 , 
123744 , 
123658 , 
123710 , 
123676 , 
123729 , 
123796 , 
123682 , 
123609 , 
123603 , 
123577 , 
123598 , 
123573 , 
123571 , 
123567 , 
123569 , 
123568 , 
123566 , 
123559 , 
123338 , 
123440 , 
123392 , 
123494 , 
123411 , 
123484 , 
123540 , 
123433 , 
123471 , 
123423 , 
123553 , 
123419 , 
123381 , 
123324 , 
123355 , 
123464 , 
123357 , 
123490 , 
123352 , 
123412 , 
123432 , 
123395 , 
123301 , 
123413 , 
123404 , 
123518 , 
123347 , 
123445 , 
123365 , 
123474 , 
123375 , 
123318 , 
123495 , 
123556 , 
123470 , 
123304 , 
123453 , 
123368 , 
123542 , 
123439 , 
123378 , 
123491 , 
123335 , 
123364 , 
123531 , 
123448 , 
123506 , 
123475 , 
123332 , 
123376 , 
123409 , 
123410 , 
123422 , 
123426 , 
123550 , 
123544 , 
123314 , 
123533 , 
123526 , 
123306 , 
123394 , 
123274 , 
123167 , 
123281 , 
123198 , 
123267 , 
123248 , 
123282 , 
123163 , 
123246 , 
123224 , 
123242 , 
123280 , 
123256 , 
123226 , 
123205 , 
123181 , 
123214 , 
123261 , 
123171 , 
123288 , 
123245 , 
123228 , 
123286 , 
123204 , 
123252 , 
123240 , 
123254 , 
123159 , 
123164 , 
123188 , 
123175 , 
123201 , 
123295 , 
123230 , 
123197 , 
123154 , 
123141 , 
123134 , 
123153 , 
123155 , 
123137 , 
123143 , 
123133 , 
123152 , 
123150 , 
123149 , 
123156 , 
123145 , 
123151 , 
123079 , 
123034 , 
122998 , 
123003 , 
123052 , 
123081 , 
123083 , 
123055 , 
123026 , 
123043 , 
123059 , 
123016 , 
123021 , 
123048 , 
123033 , 
123103 , 
123042 , 
123108 , 
122908 , 
122608 , 
122661 , 
122972 , 
122631 , 
122840 , 
122711 , 
122625 , 
122827 , 
122694 , 
122831 , 
122612 , 
122857 , 
122650 , 
122687 , 
122888 , 
122754 , 
122910 , 
122652 , 
122768 , 
122841 , 
122845 , 
122825 , 
122807 , 
122611 , 
122782 , 
122606 , 
122904 , 
122900 , 
122852 , 
122877 , 
122781 , 
122598 , 
122953 , 
122890 , 
122911 , 
122800 , 
122923 , 
122884 , 
122851 , 
122826 , 
122880 , 
122942 , 
122832 , 
122961 , 
122765 , 
122707 , 
122920 , 
122934 , 
122871 , 
122791 , 
122883 , 
122865 , 
122901 , 
122907 , 
122844 , 
122727 , 
122925 , 
122651 , 
122741 , 
122774 , 
122734 , 
122896 , 
122744 , 
122748 , 
122927 , 
122895 , 
122955 , 
122872 , 
122853 , 
122850 , 
122635 , 
122643 , 
122660 , 
122835 , 
122794 , 
122751 , 
122787 , 
122980 , 
122838 , 
122806 , 
122881 , 
122790 , 
122702 , 
122924 , 
122854 , 
122680 , 
122836 , 
122830 , 
122856 , 
122788 , 
122814 , 
122743 , 
122816 , 
122732 , 
122822 , 
122824 , 
122918 , 
122848 , 
122878 , 
122758 , 
122863 , 
122905 , 
122632 , 
122636 , 
122623 , 
122971 , 
122983 , 
122613 , 
122796 , 
122979 , 
122933 , 
122823 , 
122959 , 
122968 , 
122915 , 
122764 , 
122763 , 
122809 , 
122775 , 
122773 , 
122897 , 
122674 , 
122604 , 
122795 , 
122593 , 
122415 , 
122572 , 
122377 , 
122551 , 
122514 , 
122441 , 
122513 , 
122506 , 
122561 , 
122485 , 
122545 , 
122397 , 
122421 , 
122378 , 
122391 , 
122466 , 
122570 , 
122580 , 
122582 , 
122583 , 
122413 , 
122389 , 
122503 , 
122496 , 
122589 , 
122539 , 
122423 , 
122425 , 
122532 , 
122586 , 
122444 , 
122462 , 
122471 , 
122488 , 
122417 , 
122578 , 
122517 , 
122481 , 
122459 , 
122451 , 
122385 , 
122467 , 
122424 , 
122429 , 
122460 , 
122445 , 
122527 , 
122574 , 
122375 , 
122474 , 
122388 , 
122374 , 
122512 , 
122528 , 
122357 , 
122359 , 
122371 , 
122309 , 
122228 , 
122288 , 
122306 , 
122355 , 
122270 , 
122234 , 
122206 , 
122279 , 
122346 , 
122217 , 
122250 , 
122277 , 
122354 , 
122280 , 
122253 , 
122262 , 
122215 , 
122263 , 
122322 , 
122259 , 
122307 , 
122248 , 
122317 , 
122272 , 
122350 , 
121943 , 
122202 , 
121979 , 
122062 , 
122083 , 
121991 , 
121983 , 
122116 , 
122010 , 
122171 , 
122102 , 
122029 , 
121918 , 
121993 , 
122137 , 
121911 , 
122106 , 
122050 , 
121901 , 
121949 , 
121919 , 
121923 , 
122183 , 
122049 , 
122175 , 
121982 , 
122059 , 
121929 , 
122163 , 
122146 , 
122078 , 
122196 , 
122073 , 
122044 , 
122082 , 
122030 , 
121955 , 
121850 , 
121870 , 
121883 , 
121867 , 
121894 , 
121842 , 
121814 , 
121895 , 
121875 , 
121838 , 
121869 , 
121873 , 
121874 , 
121834 , 
121872 , 
121858 , 
121849 , 
121884 , 
121809 , 
121794 , 
121799 , 
121792 , 
121778 , 
121777 , 
121757 , 
121773 , 
121784 , 
121756 , 
121764 , 
121787 , 
121775 , 
121776 , 
121753 , 
121705 , 
121738 , 
121745 , 
121736 , 
121713 , 
121720 , 
121699 , 
121658 , 
121694 , 
121592 , 
121623 , 
121628 , 
121609 , 
121556 , 
121570 , 
121655 , 
121559 , 
121583 , 
121664 , 
121591 , 
121596 , 
121589 , 
121569 , 
121586 , 
121666 , 
121646 , 
121661 , 
121561 , 
121571 , 
121615 , 
121566 , 
121554 , 
121685 , 
121662 , 
121611 , 
121551 , 
121549 , 
121653 , 
121613 , 
121633 , 
121682 , 
121632 , 
121681 , 
121665 , 
121648 , 
121630 , 
121585 , 
121581 , 
121626 , 
121606 , 
121503 , 
121417 , 
121500 , 
121527 , 
121435 , 
121478 , 
121480 , 
121471 , 
121508 , 
121415 , 
121542 , 
121540 , 
121476 , 
121463 , 
121490 , 
121429 , 
121439 , 
121543 , 
121541 , 
121405 , 
121391 , 
121386 , 
121308 , 
121322 , 
121390 , 
121315 , 
121353 , 
121395 , 
121394 , 
121404 , 
121400 , 
121352 , 
121344 , 
121298 , 
121300 , 
121162 , 
121286 , 
121164 , 
121204 , 
121224 , 
121223 , 
121193 , 
121151 , 
121231 , 
121190 , 
121182 , 
121291 , 
121168 , 
121186 , 
121261 , 
121142 , 
121220 , 
121134 , 
121256 , 
121138 , 
121200 , 
121148 , 
121159 , 
121197 , 
121279 , 
121189 , 
121273 , 
121165 , 
121267 , 
121198 , 
121244 , 
121277 , 
121239 , 
121163 , 
121282 , 
121131 , 
121123 , 
121113 , 
121117 , 
121128 , 
121111 , 
120993 , 
120966 , 
121014 , 
120989 , 
120994 , 
121015 , 
121077 , 
121075 , 
121078 , 
121068 , 
121003 , 
121096 , 
120960 , 
120979 , 
120969 , 
121094 , 
121072 , 
120971 , 
121064 , 
120982 , 
121019 , 
121020 , 
120970 , 
121084 , 
120967 , 
120997 , 
120995 , 
121071 , 
121016 , 
120984 , 
121095 , 
120896 , 
120939 , 
120882 , 
120870 , 
120886 , 
120841 , 
120908 , 
120955 , 
120855 , 
120833 , 
120954 , 
120838 , 
120941 , 
120923 , 
120949 , 
120913 , 
120924 , 
120945 , 
120851 , 
120929 , 
120839 , 
120914 , 
120826 , 
120930 , 
120900 , 
120828 , 
120888 , 
120798 , 
120801 , 
120796 , 
120800 , 
120790 , 
120735 , 
120652 , 
120689 , 
120609 , 
120603 , 
120707 , 
120677 , 
120714 , 
120685 , 
120718 , 
120717 , 
120626 , 
120661 , 
120701 , 
120767 , 
120600 , 
120697 , 
120621 , 
120765 , 
120632 , 
120675 , 
120653 , 
120702 , 
120635 , 
120753 , 
120764 , 
120756 , 
120679 , 
120716 , 
120628 , 
120706 , 
120749 , 
120611 , 
120766 , 
120601 , 
120704 , 
120641 , 
120605 , 
120658 , 
120754 , 
120750 , 
120709 , 
120743 , 
120763 , 
120670 , 
120630 , 
120663 , 
120562 , 
120545 , 
120564 , 
120577 , 
120546 , 
120558 , 
120581 , 
120550 , 
120476 , 
120506 , 
120522 , 
120496 , 
120517 , 
120481 , 
120500 , 
120499 , 
120490 , 
120478 , 
120535 , 
120540 , 
120494 , 
120468 , 
120409 , 
120465 , 
120388 , 
120322 , 
120317 , 
120393 , 
120334 , 
120423 , 
120462 , 
120469 , 
120394 , 
120399 , 
120435 , 
120448 , 
120439 , 
120336 , 
120422 , 
120362 , 
120420 , 
120385 , 
120463 , 
120348 , 
120432 , 
120395 , 
120466 , 
120308 , 
120311 , 
120419 , 
120364 , 
120442 , 
120440 , 
120376 , 
120266 , 
120293 , 
120276 , 
120251 , 
120270 , 
120256 , 
120257 , 
120263 , 
120302 , 
120287 , 
120183 , 
120122 , 
120235 , 
120162 , 
120148 , 
120222 , 
120233 , 
120119 , 
120126 , 
120158 , 
120115 , 
120109 , 
120129 , 
120117 , 
120198 , 
120241 , 
120171 , 
120128 , 
120136 , 
120211 , 
120214 , 
120229 , 
120132 , 
120155 , 
120041 , 
120044 , 
120046 , 
120052 , 
120079 , 
120096 , 
120050 , 
119998 , 
119997 , 
120012 , 
119999 , 
120023 , 
119913 , 
119893 , 
119914 , 
119945 , 
119952 , 
119983 , 
119955 , 
119956 , 
119987 , 
119937 , 
119909 , 
119908 , 
119894 , 
119907 , 
119901 , 
119873 , 
119815 , 
119838 , 
119876 , 
119824 , 
119867 , 
119817 , 
119826 , 
119859 , 
119821 , 
119870 , 
119813 , 
119866 , 
119858 , 
119822 , 
119840 , 
119811 , 
119860 , 
119807 , 
119828 , 
119823 , 
119880 , 
119862 , 
119780 , 
119699 , 
119700 , 
119655 , 
119661 , 
119674 , 
119666 , 
119720 , 
119764 , 
119657 , 
119762 , 
119751 , 
119733 , 
119770 , 
119717 , 
119691 , 
119769 , 
119707 , 
119739 , 
119737 , 
119766 , 
119676 , 
119682 , 
119752 , 
119705 , 
119677 , 
119771 , 
119722 , 
119734 , 
119702 , 
119777 , 
119748 , 
119786 , 
119589 , 
119505 , 
119500 , 
119646 , 
119633 , 
119586 , 
119577 , 
119635 , 
119598 , 
119583 , 
119535 , 
119504 , 
119554 , 
119526 , 
119580 , 
119499 , 
119534 , 
119642 , 
119550 , 
119632 , 
119544 , 
119494 , 
119469 , 
119491 , 
119464 , 
119461 , 
119445 , 
119459 , 
119452 , 
119460 , 
119454 , 
119472 , 
119467 , 
119449 , 
119389 , 
119288 , 
119363 , 
119324 , 
119326 , 
119289 , 
119409 , 
119381 , 
119392 , 
119396 , 
119387 , 
119419 , 
119401 , 
119382 , 
119418 , 
119406 , 
119430 , 
119348 , 
119264 , 
119260 , 
119250 , 
119247 , 
119275 , 
119277 , 
119282 , 
119204 , 
119246 , 
119211 , 
119233 , 
119242 , 
119228 , 
119278 , 
119236 , 
119262 , 
119227 , 
119203 , 
119222 , 
119080 , 
119126 , 
119149 , 
119186 , 
119048 , 
119163 , 
119188 , 
119081 , 
119093 , 
119127 , 
119123 , 
119082 , 
119087 , 
119124 , 
119052 , 
119088 , 
119150 , 
119118 , 
119076 , 
119050 , 
119169 , 
119089 , 
119063 , 
119091 , 
119183 , 
119138 , 
119146 , 
119147 , 
119024 , 
119011 , 
119008 , 
118990 , 
118996 , 
119020 , 
119019 , 
119007 , 
119009 , 
118917 , 
118935 , 
118922 , 
118970 , 
118978 , 
118889 , 
118954 , 
118877 , 
118900 , 
118884 , 
118952 , 
118910 , 
118849 , 
118790 , 
118828 , 
118858 , 
118835 , 
118761 , 
118809 , 
118802 , 
118769 , 
118766 , 
118841 , 
118827 , 
118871 , 
118848 , 
118796 , 
118764 , 
118713 , 
118742 , 
118728 , 
118748 , 
118709 , 
118704 , 
118732 , 
118745 , 
118733 , 
118744 , 
118633 , 
118637 , 
118630 , 
118649 , 
118687 , 
118669 , 
118698 , 
118682 , 
118663 , 
118652 , 
118684 , 
118701 , 
118703 , 
118607 , 
118614 , 
118617 , 
118622 , 
118605 , 
118626 , 
118620 , 
118599 , 
118573 , 
118578 , 
118541 , 
118563 , 
118567 , 
118492 , 
118506 , 
118529 , 
118522 , 
118494 , 
118502 , 
118429 , 
118423 , 
118376 , 
118447 , 
118465 , 
118377 , 
118440 , 
118401 , 
118371 , 
118399 , 
118446 , 
118375 , 
118460 , 
118265 , 
118221 , 
118269 , 
118237 , 
118267 , 
118280 , 
118222 , 
118227 , 
118347 , 
118217 , 
118243 , 
118225 , 
118336 , 
118318 , 
118206 , 
118213 , 
118209 , 
118210 , 
118215 , 
118211 , 
118199 , 
118112 , 
118134 , 
118101 , 
118193 , 
118120 , 
118197 , 
118077 , 
118104 , 
118157 , 
118141 , 
118194 , 
118171 , 
118086 , 
118103 , 
118138 , 
118154 , 
118016 , 
118068 , 
118012 , 
118015 , 
118066 , 
118073 , 
118022 , 
118065 , 
118028 , 
118029 , 
117960 , 
117871 , 
117921 , 
117886 , 
117953 , 
117896 , 
117899 , 
117891 , 
117939 , 
117819 , 
117837 , 
117848 , 
117846 , 
117826 , 
117835 , 
117818 , 
117831 , 
117840 , 
117827 , 
117845 , 
117854 , 
117775 , 
117805 , 
117769 , 
117750 , 
117770 , 
117771 , 
117812 , 
117701 , 
117708 , 
117628 , 
117643 , 
117684 , 
117711 , 
117685 , 
117656 , 
117694 , 
117746 , 
117699 , 
117743 , 
117744 , 
117679 , 
117611 , 
117592 , 
117591 , 
117583 , 
117612 , 
117578 , 
117582 , 
117606 , 
117614 , 
117580 , 
117590 , 
117586 , 
117607 , 
117523 , 
117474 , 
117492 , 
117502 , 
117496 , 
117526 , 
117463 , 
117530 , 
117486 , 
117471 , 
117484 , 
117513 , 
117521 , 
117501 , 
117411 , 
117440 , 
117429 , 
117430 , 
117438 , 
117399 , 
117433 , 
117439 , 
117401 , 
117363 , 
117388 , 
117384 , 
117425 , 
117377 , 
117372 , 
117379 , 
117397 , 
117375 , 
117419 , 
117393 , 
117312 , 
117350 , 
117359 , 
117325 , 
117356 , 
117323 , 
117341 , 
117331 , 
117303 , 
117329 , 
117119 , 
117140 , 
117254 , 
117097 , 
117182 , 
117110 , 
117127 , 
117212 , 
117164 , 
117184 , 
117225 , 
117229 , 
117278 , 
117168 , 
117262 , 
117090 , 
117196 , 
117291 , 
117098 , 
117251 , 
117078 , 
117034 , 
116977 , 
117005 , 
117046 , 
117016 , 
117021 , 
116983 , 
117029 , 
117039 , 
117036 , 
117011 , 
116973 , 
116970 , 
117025 , 
116960 , 
117041 , 
116978 , 
116980 , 
117010 , 
117056 , 
117028 , 
116991 , 
117037 , 
117033 , 
116925 , 
116940 , 
116778 , 
116850 , 
116854 , 
116783 , 
116806 , 
116917 , 
116800 , 
116875 , 
116920 , 
116813 , 
116901 , 
116816 , 
116830 , 
116889 , 
116811 , 
116795 , 
116869 , 
116884 , 
116837 , 
116817 , 
116768 , 
116819 , 
116787 , 
116826 , 
116812 , 
116847 , 
116777 , 
116851 , 
116801 , 
116862 , 
116798 , 
116821 , 
116872 , 
116784 , 
116885 , 
116803 , 
116880 , 
116868 , 
116849 , 
116733 , 
116750 , 
116588 , 
116609 , 
116513 , 
116566 , 
116551 , 
116491 , 
116522 , 
116699 , 
116540 , 
116674 , 
116701 , 
116648 , 
116710 , 
116663 , 
116517 , 
116671 , 
116600 , 
116542 , 
116670 , 
116553 , 
116641 , 
116704 , 
116548 , 
116653 , 
116628 , 
116536 , 
116515 , 
116629 , 
116623 , 
116481 , 
116467 , 
116287 , 
116261 , 
116199 , 
115897 , 
115966 , 
116033 , 
115890 , 
116115 , 
115879 , 
116202 , 
115908 , 
116207 , 
116042 , 
116117 , 
116165 , 
115882 , 
116069 , 
116020 , 
116066 , 
116130 , 
116044 , 
116240 , 
116084 , 
116057 , 
116070 , 
115884 , 
116178 , 
115933 , 
115938 , 
115979 , 
115960 , 
115963 , 
116089 , 
115904 , 
116145 , 
115998 , 
116194 , 
116211 , 
116080 , 
116241 , 
116244 , 
116077 , 
116198 , 
115865 , 
115845 , 
115841 , 
115836 , 
115869 , 
115780 , 
115795 , 
115778 , 
115813 , 
115805 , 
115818 , 
115779 , 
115811 , 
115765 , 
115752 , 
115745 , 
115692 , 
115703 , 
115706 , 
115768 , 
115770 , 
115722 , 
115777 , 
115719 , 
115760 , 
115776 , 
115757 , 
115727 , 
115742 , 
115748 , 
115707 , 
115723 , 
115767 , 
115769 , 
115733 , 
115766 , 
115635 , 
115592 , 
115612 , 
115686 , 
115687 , 
115663 , 
115678 , 
115649 , 
115584 , 
115575 , 
115683 , 
115647 , 
115630 , 
115648 , 
115633 , 
115570 , 
115619 , 
115677 , 
115518 , 
115523 , 
115507 , 
115509 , 
115516 , 
115498 , 
115506 , 
115391 , 
115472 , 
115406 , 
115333 , 
115430 , 
115338 , 
115376 , 
115231 , 
115349 , 
115365 , 
115353 , 
115285 , 
115279 , 
115433 , 
115425 , 
115268 , 
115265 , 
115292 , 
115410 , 
115284 , 
115351 , 
115225 , 
115220 , 
115137 , 
115122 , 
115127 , 
115188 , 
115158 , 
115192 , 
115193 , 
115147 , 
115178 , 
115123 , 
115148 , 
115165 , 
115150 , 
115134 , 
115210 , 
115162 , 
115209 , 
115195 , 
115093 , 
115062 , 
115081 , 
115079 , 
115075 , 
115076 , 
115090 , 
115068 , 
115116 , 
115103 , 
115105 , 
115104 , 
115028 , 
115037 , 
115040 , 
115018 , 
115015 , 
115039 , 
115012 , 
114996 , 
114984 , 
114961 , 
115009 , 
114991 , 
114941 , 
114942 , 
114945 , 
114951 , 
114943 , 
114872 , 
114911 , 
114892 , 
114914 , 
114921 , 
114900 , 
114901 , 
114908 , 
114849 , 
114805 , 
114887 , 
114834 , 
114924 , 
114874 , 
114903 , 
114934 , 
114920 , 
114850 , 
114926 , 
114882 , 
114877 , 
114812 , 
114852 , 
114895 , 
114910 , 
114869 , 
114814 , 
114821 , 
114762 , 
114733 , 
114721 , 
114792 , 
114744 , 
114781 , 
114796 , 
114773 , 
114743 , 
114735 , 
114782 , 
114754 , 
114776 , 
114784 , 
114737 , 
114728 , 
114739 , 
114775 , 
114724 , 
114725 , 
114748 , 
114722 , 
114787 , 
114730 , 
114720 , 
114749 , 
114719 , 
114646 , 
114664 , 
114663 , 
114636 , 
114669 , 
114639 , 
114691 , 
114528 , 
114533 , 
114594 , 
114611 , 
114516 , 
114509 , 
114567 , 
114572 , 
114607 , 
114532 , 
114529 , 
114605 , 
114539 , 
114564 , 
114595 , 
114543 , 
114497 , 
114493 , 
114490 , 
114488 , 
114495 , 
114489 , 
114473 , 
114453 , 
114449 , 
114441 , 
114378 , 
114401 , 
114266 , 
114290 , 
114245 , 
114288 , 
114250 , 
114283 , 
114429 , 
114434 , 
114433 , 
114317 , 
114229 , 
114255 , 
114374 , 
114246 , 
114299 , 
114316 , 
114265 , 
114347 , 
114440 , 
114356 , 
114237 , 
114324 , 
114394 , 
114388 , 
114381 , 
114298 , 
114284 , 
114224 , 
114362 , 
114410 , 
114203 , 
114193 , 
114178 , 
114160 , 
114183 , 
114180 , 
114186 , 
114159 , 
114135 , 
114151 , 
114156 , 
114123 , 
114116 , 
114099 , 
114133 , 
114103 , 
114098 , 
113878 , 
113890 , 
114010 , 
113999 , 
113997 , 
113925 , 
113963 , 
114058 , 
113993 , 
113961 , 
113962 , 
113969 , 
114033 , 
114088 , 
113870 , 
113840 , 
114067 , 
114042 , 
113977 , 
113959 , 
113818 , 
113893 , 
113944 , 
114080 , 
114083 , 
113967 , 
114019 , 
113808 , 
113934 , 
113888 , 
113946 , 
113907 , 
113904 , 
113843 , 
113832 , 
114096 , 
114097 , 
113917 , 
114038 , 
113762 , 
113778 , 
113776 , 
113769 , 
113759 , 
113704 , 
113695 , 
113666 , 
113731 , 
113684 , 
113706 , 
113669 , 
113698 , 
113682 , 
113746 , 
113717 , 
113708 , 
113723 , 
113703 , 
113713 , 
113757 , 
113740 , 
113720 , 
113705 , 
113755 , 
113744 , 
113702 , 
113653 , 
113689 , 
113676 , 
113730 , 
113659 , 
113721 , 
113657 , 
113625 , 
113619 , 
113618 , 
113644 , 
113630 , 
113559 , 
113614 , 
113581 , 
113546 , 
113591 , 
113562 , 
113558 , 
113605 , 
113615 , 
113593 , 
113332 , 
113304 , 
113377 , 
113511 , 
113259 , 
113416 , 
113512 , 
113422 , 
113346 , 
113456 , 
113275 , 
113357 , 
113411 , 
113543 , 
113414 , 
113279 , 
113398 , 
113396 , 
113281 , 
113372 , 
113264 , 
113297 , 
113460 , 
113327 , 
113501 , 
113342 , 
113522 , 
113513 , 
113516 , 
113419 , 
113269 , 
113538 , 
113278 , 
113239 , 
113148 , 
113189 , 
113194 , 
113210 , 
113183 , 
113196 , 
113185 , 
113154 , 
113187 , 
113158 , 
113222 , 
113172 , 
113159 , 
113169 , 
113160 , 
113092 , 
113108 , 
113113 , 
113089 , 
113107 , 
113138 , 
113126 , 
113140 , 
113146 , 
113088 , 
113105 , 
113086 , 
113060 , 
113063 , 
112900 , 
112902 , 
112927 , 
112885 , 
112905 , 
112779 , 
112756 , 
112911 , 
112758 , 
112881 , 
112795 , 
112767 , 
112786 , 
112979 , 
112920 , 
112922 , 
112777 , 
112925 , 
112840 , 
113023 , 
113020 , 
112852 , 
112843 , 
112810 , 
113008 , 
112970 , 
112818 , 
112972 , 
112839 , 
112982 , 
112882 , 
113036 , 
112870 , 
112993 , 
112845 , 
112933 , 
112998 , 
112999 , 
112706 , 
112699 , 
112727 , 
112683 , 
112689 , 
112629 , 
112670 , 
112667 , 
112657 , 
112693 , 
112710 , 
112633 , 
112691 , 
112627 , 
112678 , 
112665 , 
112654 , 
112653 , 
112685 , 
112731 , 
112599 , 
112598 , 
112603 , 
112600 , 
112606 , 
112622 , 
112614 , 
112550 , 
112560 , 
112583 , 
112568 , 
112591 , 
112546 , 
112581 , 
112569 , 
112559 , 
112575 , 
112590 , 
112562 , 
112577 , 
112492 , 
112510 , 
112522 , 
112464 , 
112402 , 
112533 , 
112524 , 
112500 , 
112394 , 
112516 , 
112378 , 
112404 , 
112452 , 
112488 , 
112466 , 
112390 , 
112407 , 
112398 , 
112449 , 
112445 , 
112403 , 
112518 , 
112479 , 
112450 , 
112437 , 
112365 , 
112295 , 
112299 , 
112303 , 
112297 , 
112317 , 
112271 , 
112278 , 
112143 , 
112150 , 
112100 , 
112044 , 
112228 , 
112058 , 
112132 , 
112146 , 
112197 , 
112038 , 
112195 , 
112025 , 
112076 , 
112214 , 
112156 , 
112213 , 
112084 , 
112219 , 
112120 , 
112055 , 
112065 , 
112183 , 
112215 , 
112056 , 
112099 , 
112051 , 
112101 , 
112206 , 
111999 , 
112011 , 
111996 , 
112024 , 
112017 , 
111977 , 
111958 , 
111952 , 
111947 , 
111939 , 
111960 , 
111941 , 
111930 , 
111964 , 
111931 , 
111972 , 
111950 , 
111907 , 
111892 , 
111920 , 
111896 , 
111889 , 
111841 , 
111843 , 
111865 , 
111849 , 
111767 , 
111778 , 
111817 , 
111768 , 
111781 , 
111822 , 
111832 , 
111736 , 
111703 , 
111714 , 
111701 , 
111738 , 
111682 , 
111685 , 
111708 , 
111704 , 
111751 , 
111674 , 
111677 , 
111727 , 
111669 , 
111661 , 
111576 , 
111594 , 
111599 , 
111604 , 
111658 , 
111629 , 
111643 , 
111600 , 
111593 , 
111582 , 
111588 , 
111575 , 
111650 , 
111580 , 
111610 , 
111573 , 
111558 , 
111555 , 
111560 , 
111553 , 
111500 , 
111431 , 
111351 , 
111434 , 
111409 , 
111386 , 
111370 , 
111474 , 
111331 , 
111324 , 
111503 , 
111502 , 
111411 , 
111323 , 
111541 , 
111521 , 
111494 , 
111491 , 
111453 , 
111446 , 
111369 , 
111388 , 
111397 , 
111316 , 
111401 , 
111357 , 
111371 , 
111426 , 
111484 , 
111232 , 
111292 , 
111230 , 
111281 , 
111215 , 
111242 , 
111296 , 
111251 , 
111117 , 
111104 , 
111194 , 
111197 , 
111173 , 
111153 , 
111176 , 
111111 , 
111157 , 
111140 , 
111094 , 
111213 , 
111101 , 
111209 , 
111204 , 
111132 , 
111114 , 
111198 , 
111121 , 
111113 , 
111188 , 
111134 , 
111071 , 
111074 , 
111063 , 
111048 , 
110998 , 
110978 , 
110981 , 
110977 , 
110975 , 
111008 , 
111014 , 
111013 , 
110996 , 
111030 , 
111032 , 
110989 , 
110808 , 
110812 , 
110861 , 
110882 , 
110854 , 
110787 , 
110943 , 
110869 , 
110789 , 
110910 , 
110788 , 
110891 , 
110867 , 
110924 , 
110807 , 
110892 , 
110827 , 
110803 , 
110970 , 
110706 , 
110721 , 
110730 , 
110722 , 
110759 , 
110700 , 
110749 , 
110725 , 
110747 , 
110696 , 
110754 , 
110763 , 
110676 , 
110684 , 
110658 , 
110652 , 
110666 , 
110562 , 
110610 , 
110613 , 
110579 , 
110616 , 
110597 , 
110621 , 
110604 , 
110605 , 
110603 , 
110563 , 
110608 , 
110643 , 
110572 , 
110639 , 
110571 , 
110602 , 
110561 , 
110690 , 
110637 , 
110661 , 
110554 , 
110529 , 
110501 , 
110515 , 
110451 , 
110457 , 
110388 , 
110365 , 
110452 , 
110339 , 
110364 , 
110412 , 
110347 , 
110371 , 
110377 , 
110397 , 
110446 , 
110387 , 
110353 , 
110484 , 
110404 , 
110476 , 
110428 , 
110469 , 
110370 , 
110326 , 
110423 , 
110337 , 
110453 , 
110362 , 
110367 , 
110358 , 
110403 , 
110297 , 
110298 , 
110242 , 
110223 , 
110229 , 
110274 , 
110283 , 
110277 , 
110241 , 
110117 , 
110007 , 
110070 , 
110185 , 
110172 , 
110169 , 
110194 , 
110197 , 
110209 , 
110041 , 
110200 , 
110039 , 
110022 , 
110190 , 
110108 , 
110189 , 
110027 , 
110176 , 
110181 , 
110131 , 
110142 , 
110168 , 
110130 , 
110050 , 
110136 , 
110085 , 
110023 , 
110061 , 
110109 , 
110068 , 
110030 , 
110034 , 
110036 , 
110067 , 
110138 , 
110113 , 
110106 , 
110076 , 
110123 , 
109946 , 
109975 , 
109957 , 
109973 , 
109926 , 
109989 , 
109982 , 
109930 , 
109988 , 
109959 , 
109976 , 
109932 , 
109977 , 
109943 , 
109944 , 
109883 , 
109891 , 
109908 , 
109897 , 
109924 , 
109904 , 
109911 , 
109905 , 
109902 , 
109903 , 
109885 , 
109866 , 
109815 , 
109841 , 
109846 , 
109843 , 
109864 , 
109850 , 
109876 , 
109710 , 
109734 , 
109753 , 
109708 , 
109715 , 
109692 , 
109701 , 
109757 , 
109752 , 
109702 , 
109773 , 
109735 , 
109787 , 
109727 , 
109774 , 
109759 , 
109730 , 
109694 , 
109749 , 
109789 , 
109748 , 
109665 , 
109682 , 
109636 , 
109654 , 
109641 , 
109623 , 
109620 , 
109604 , 
109532 , 
109558 , 
109519 , 
109560 , 
109543 , 
109593 , 
109578 , 
109583 , 
109544 , 
109592 , 
109526 , 
109232 , 
109367 , 
109240 , 
109290 , 
109346 , 
109250 , 
109349 , 
109408 , 
109238 , 
109451 , 
109278 , 
109256 , 
109355 , 
109237 , 
109236 , 
109449 , 
109298 , 
109485 , 
109487 , 
109373 , 
109312 , 
109331 , 
109269 , 
109400 , 
109517 , 
109376 , 
109378 , 
109476 , 
109488 , 
109380 , 
109299 , 
109365 , 
109239 , 
109459 , 
109361 , 
109404 , 
109382 , 
109432 , 
109202 , 
109206 , 
109203 , 
109204 , 
109152 , 
109179 , 
109131 , 
109108 , 
109151 , 
109102 , 
109117 , 
109156 , 
109121 , 
109115 , 
109104 , 
109100 , 
109187 , 
109181 , 
109127 , 
109125 , 
109109 , 
109018 , 
109079 , 
109036 , 
108997 , 
109094 , 
109025 , 
109066 , 
108999 , 
109044 , 
109031 , 
108974 , 
109030 , 
109081 , 
109048 , 
109045 , 
109071 , 
109039 , 
109006 , 
109093 , 
109068 , 
109009 , 
109035 , 
108962 , 
108959 , 
108939 , 
108944 , 
108828 , 
108631 , 
108649 , 
108670 , 
108635 , 
108900 , 
108709 , 
108883 , 
108636 , 
108720 , 
108591 , 
108799 , 
108619 , 
108912 , 
108661 , 
108580 , 
108901 , 
108623 , 
108848 , 
108787 , 
108696 , 
108802 , 
108836 , 
108680 , 
108648 , 
108739 , 
108665 , 
108888 , 
108602 , 
108644 , 
108748 , 
108585 , 
108626 , 
108754 , 
108541 , 
108548 , 
108514 , 
108539 , 
108537 , 
108546 , 
108568 , 
108529 , 
108567 , 
108523 , 
108531 , 
108536 , 
108098 , 
108088 , 
108097 , 
107839 , 
107737 , 
107895 , 
107878 , 
107856 , 
107840 , 
107850 , 
107846 , 
107819 , 
107903 , 
107777 , 
107802 , 
107873 , 
107880 , 
107866 , 
107770 , 
107812 , 
107771 , 
107893 , 
107764 , 
107731 , 
107728 , 
107868 , 
107834 , 
107891 , 
107869 , 
107805 , 
107712 , 
107696 , 
107705 , 
107707 , 
107698 , 
107674 , 
107652 , 
107607 , 
107656 , 
107520 , 
107614 , 
107556 , 
107625 , 
107597 , 
107548 , 
107668 , 
107651 , 
107542 , 
107612 , 
107579 , 
107644 , 
107600 , 
107504 , 
107511 , 
107514 , 
107506 , 
107493 , 
107451 , 
107478 , 
107471 , 
107406 , 
107417 , 
107432 , 
107437 , 
107483 , 
107453 , 
107422 , 
107400 , 
107259 , 
107317 , 
107322 , 
107314 , 
107403 , 
107383 , 
107333 , 
107369 , 
107258 , 
107276 , 
107376 , 
107343 , 
107371 , 
107277 , 
107355 , 
107263 , 
107337 , 
107293 , 
107378 , 
107395 , 
107283 , 
107381 , 
107271 , 
107331 , 
107264 , 
107227 , 
107249 , 
107213 , 
107206 , 
107244 , 
107210 , 
107238 , 
107208 , 
107245 , 
107140 , 
106993 , 
107174 , 
107015 , 
107147 , 
107192 , 
107036 , 
107122 , 
107032 , 
107182 , 
107077 , 
107173 , 
107001 , 
107017 , 
107132 , 
107002 , 
106982 , 
107138 , 
107030 , 
107200 , 
107051 , 
107162 , 
107168 , 
107191 , 
106932 , 
106900 , 
106922 , 
106933 , 
106920 , 
106914 , 
106965 , 
106925 , 
106960 , 
106807 , 
106841 , 
106801 , 
106813 , 
106776 , 
106848 , 
106805 , 
106873 , 
106878 , 
106869 , 
106784 , 
106815 , 
106862 , 
106881 , 
106885 , 
106789 , 
106858 , 
106756 , 
106730 , 
106738 , 
106747 , 
106752 , 
106709 , 
106758 , 
106749 , 
106566 , 
106537 , 
106606 , 
106539 , 
106689 , 
106531 , 
106534 , 
106655 , 
106686 , 
106530 , 
106570 , 
106478 , 
106513 , 
106529 , 
106589 , 
106581 , 
106646 , 
106598 , 
106636 , 
106499 , 
106550 , 
106507 , 
106487 , 
106662 , 
106595 , 
106381 , 
106427 , 
106434 , 
106463 , 
106386 , 
106462 , 
106450 , 
106403 , 
106359 , 
106369 , 
106383 , 
106413 , 
106455 , 
106394 , 
106362 , 
106293 , 
106243 , 
106317 , 
106215 , 
106341 , 
106287 , 
106319 , 
106245 , 
106357 , 
106208 , 
106257 , 
106292 , 
106310 , 
106277 , 
106202 , 
106211 , 
106263 , 
106262 , 
106291 , 
106239 , 
106229 , 
106311 , 
106349 , 
106312 , 
106309 , 
106246 , 
106285 , 
106226 , 
106221 , 
106237 , 
106261 , 
106286 , 
106296 , 
106165 , 
106167 , 
106170 , 
106179 , 
106168 , 
106178 , 
106201 , 
106172 , 
106184 , 
106173 , 
106169 , 
105970 , 
105953 , 
105954 , 
105992 , 
105996 , 
105995 , 
106156 , 
106005 , 
106077 , 
106028 , 
106054 , 
106029 , 
106000 , 
106059 , 
105983 , 
106030 , 
106101 , 
106134 , 
106111 , 
105997 , 
106078 , 
105904 , 
105948 , 
105932 , 
105929 , 
105937 , 
105934 , 
105874 , 
105885 , 
105912 , 
105872 , 
105896 , 
105908 , 
105747 , 
105821 , 
105811 , 
105792 , 
105775 , 
105779 , 
105751 , 
105785 , 
105790 , 
105622 , 
105719 , 
105678 , 
105679 , 
105737 , 
105716 , 
105658 , 
105641 , 
105718 , 
105702 , 
105696 , 
105720 , 
105723 , 
105739 , 
105621 , 
105648 , 
105738 , 
105647 , 
105386 , 
105554 , 
105496 , 
105453 , 
105427 , 
105518 , 
105399 , 
105459 , 
105512 , 
105487 , 
105593 , 
105360 , 
105393 , 
105449 , 
105363 , 
105407 , 
105428 , 
105515 , 
105470 , 
105472 , 
105486 , 
105615 , 
105605 , 
105368 , 
105526 , 
105614 , 
105408 , 
105450 , 
105374 , 
105451 , 
105499 , 
105280 , 
105286 , 
105324 , 
105257 , 
105333 , 
105237 , 
105281 , 
105266 , 
105213 , 
105353 , 
105229 , 
105230 , 
105305 , 
105236 , 
105285 , 
105331 , 
105235 , 
105328 , 
105288 , 
105210 , 
105357 , 
105345 , 
105246 , 
105306 , 
105254 , 
105219 , 
105335 , 
105270 , 
105093 , 
105187 , 
105110 , 
105170 , 
105146 , 
105148 , 
105203 , 
105085 , 
105071 , 
105179 , 
105080 , 
105188 , 
105124 , 
105142 , 
105101 , 
105083 , 
105171 , 
105164 , 
105162 , 
105133 , 
105145 , 
105201 , 
105154 , 
105143 , 
105092 , 
105134 , 
105114 , 
105136 , 
105131 , 
105173 , 
105070 , 
105200 , 
105108 , 
105118 , 
105127 , 
105073 , 
105061 , 
105069 , 
104979 , 
105059 , 
105045 , 
104970 , 
105047 , 
104992 , 
104990 , 
105051 , 
104982 , 
104989 , 
105031 , 
104980 , 
105009 , 
104870 , 
104830 , 
104780 , 
104795 , 
104820 , 
104731 , 
104896 , 
104753 , 
104741 , 
104881 , 
104916 , 
104815 , 
104923 , 
104918 , 
104968 , 
104740 , 
104798 , 
104747 , 
104772 , 
104952 , 
104789 , 
104806 , 
104955 , 
104755 , 
104829 , 
104932 , 
104947 , 
104897 , 
104925 , 
104761 , 
104859 , 
104949 , 
104770 , 
104960 , 
104965 , 
104812 , 
104901 , 
104804 , 
104853 , 
104664 , 
104654 , 
104629 , 
104713 , 
104702 , 
104633 , 
104723 , 
104717 , 
104693 , 
104697 , 
104662 , 
104686 , 
104674 , 
104643 , 
104538 , 
104579 , 
104539 , 
104561 , 
104550 , 
104541 , 
104536 , 
104586 , 
104501 , 
104499 , 
104598 , 
104625 , 
104574 , 
104609 , 
104507 , 
104572 , 
104527 , 
104540 , 
104500 , 
104600 , 
104576 , 
104594 , 
104545 , 
104512 , 
104596 , 
104589 , 
104529 , 
104568 , 
104517 , 
104593 , 
104506 , 
104502 , 
104580 , 
104514 , 
104590 , 
104565 , 
104557 , 
104584 , 
104516 , 
104603 , 
104558 , 
104445 , 
104441 , 
104463 , 
104442 , 
104484 , 
104451 , 
104494 , 
104291 , 
104389 , 
104276 , 
104365 , 
104364 , 
104328 , 
104337 , 
104287 , 
104367 , 
104242 , 
104431 , 
104394 , 
104335 , 
104283 , 
104405 , 
104340 , 
104408 , 
104256 , 
104415 , 
104417 , 
104357 , 
104423 , 
104298 , 
104403 , 
104290 , 
104358 , 
104303 , 
104199 , 
104206 , 
104174 , 
104192 , 
104126 , 
104185 , 
104227 , 
104164 , 
104122 , 
104207 , 
104129 , 
104205 , 
104148 , 
104133 , 
104190 , 
104228 , 
104131 , 
104137 , 
104210 , 
104163 , 
104135 , 
104171 , 
104127 , 
104231 , 
104114 , 
104053 , 
103966 , 
104049 , 
104052 , 
104048 , 
104062 , 
103948 , 
103996 , 
103981 , 
103934 , 
103999 , 
104057 , 
104103 , 
103930 , 
103928 , 
104091 , 
104012 , 
104051 , 
104065 , 
103965 , 
103976 , 
104110 , 
104041 , 
103883 , 
103896 , 
103898 , 
103877 , 
103891 , 
103864 , 
103808 , 
103821 , 
103862 , 
103873 , 
103836 , 
103807 , 
103835 , 
103746 , 
103713 , 
103727 , 
103694 , 
103792 , 
103773 , 
103695 , 
103742 , 
103717 , 
103739 , 
103760 , 
103790 , 
103788 , 
103730 , 
103655 , 
103647 , 
103672 , 
103666 , 
103628 , 
103673 , 
103652 , 
103619 , 
103682 , 
103638 , 
103615 , 
103606 , 
103631 , 
103607 , 
103683 , 
103654 , 
103653 , 
103601 , 
103599 , 
103596 , 
103522 , 
103520 , 
103567 , 
103569 , 
103530 , 
103510 , 
103548 , 
103527 , 
103528 , 
103416 , 
103363 , 
103461 , 
103385 , 
103359 , 
103366 , 
103463 , 
103491 , 
103435 , 
103448 , 
103495 , 
103497 , 
103360 , 
103377 , 
103395 , 
103392 , 
103406 , 
103477 , 
103484 , 
103476 , 
103375 , 
103389 , 
103452 , 
103386 , 
103329 , 
103339 , 
103294 , 
103324 , 
103326 , 
103296 , 
103298 , 
103217 , 
103201 , 
103254 , 
103144 , 
103196 , 
103192 , 
103283 , 
103266 , 
103240 , 
103228 , 
103211 , 
103186 , 
103245 , 
103091 , 
103098 , 
103113 , 
103118 , 
103085 , 
103089 , 
103110 , 
103116 , 
103101 , 
103066 , 
103121 , 
103017 , 
102984 , 
103029 , 
103033 , 
102990 , 
102971 , 
103019 , 
102948 , 
102962 , 
102964 , 
102937 , 
102945 , 
102947 , 
102966 , 
102965 , 
102832 , 
102824 , 
102841 , 
102847 , 
102805 , 
102902 , 
102870 , 
102879 , 
102731 , 
102747 , 
102789 , 
102787 , 
102779 , 
102738 , 
102692 , 
102795 , 
102716 , 
102702 , 
102722 , 
102761 , 
102707 , 
102740 , 
102618 , 
102629 , 
102652 , 
102675 , 
102621 , 
102616 , 
102665 , 
102686 , 
102121 , 
102120 , 
102124 , 
102162 , 
102213 , 
102238 , 
102110 , 
102147 , 
102168 , 
101706 , 
101677 , 
101053 , 
100933 , 
100934 , 
100983 , 
100751 , 
100841 , 
134271 , 
134101 , 
133978 , 
134012 , 
133959 , 
134003 , 
133952 , 
133969 , 
133825 , 
133816 , 
133799 , 
133809 , 
133800 , 
134167 , 
133963 , 
133903 , 
134043 , 
134039 , 
133883 , 
134034 , 
133881 , 
133681 , 
133931 , 
133920 , 
133762 , 
133347 , 
134046 , 
134069 , 
133342 , 
133711 , 
133648 , 
133906 , 
133302 , 
133682 , 
133695 , 
133332 , 
133697 , 
133445 , 
133460 , 
133710 , 
133376 , 
133725 , 
133675 , 
133292 , 
133792 , 
133740 , 
133359 , 
133389 , 
133382 , 
133722 , 
133422 , 
133414 , 
133432 , 
133399 , 
134126 , 
133442 , 
133730 , 
133745 , 
133505 , 
133743 , 
133494 , 
133778 , 
133779 , 
133780 , 
133659 , 
133511 , 
133752 , 
133512 , 
133557 , 
133788 , 
133775 , 
133757 , 
133283 , 
133438 , 
133451 , 
133476 , 
133455 , 
134109 , 
134108 , 
133600 , 
133119 , 
133192 , 
133248 , 
133266 , 
132927 , 
132937 , 
132894 , 
132868 , 
132922 , 
132912 , 
132851 , 
133088 , 
133076 , 
133210 , 
133206 , 
132957 , 
133108 , 
133182 , 
133228 , 
133594 , 
133204 , 
133597 , 
133145 , 
133173 , 
132973 , 
133000 , 
133590 , 
132989 , 
133168 , 
133167 , 
132770 , 
132824 , 
133259 , 
133576 , 
133021 , 
133043 , 
132797 , 
133162 , 
132786 , 
132680 , 
133160 , 
132816 , 
132800 , 
133586 , 
132659 , 
132828 , 
132653 , 
133582 , 
133257 , 
133155 , 
132794 , 
131969 , 
131989 , 
131790 , 
131788 , 
131678 , 
131766 , 
131816 , 
131812 , 
131809 , 
131783 , 
131748 , 
132202 , 
132217 , 
132224 , 
132437 , 
132214 , 
132009 , 
132105 , 
132523 , 
132399 , 
132426 , 
132010 , 
132125 , 
133568 , 
133563 , 
130813 , 
130788 , 
130800 , 
130775 , 
130603 , 
130521 , 
130628 , 
130629 , 
130622 , 
130627 , 
130618 , 
132414 , 
132036 , 
132528 , 
132557 , 
132471 , 
132501 , 
132415 , 
132180 , 
132425 , 
132427 , 
132534 , 
132428 , 
132502 , 
132259 , 
132541 , 
132550 , 
132841 , 
132496 , 
132484 , 
132453 , 
132409 , 
132721 , 
132452 , 
132451 , 
126846 , 
126797 , 
126729 , 
126734 , 
126848 , 
126707 , 
132955 , 
133276 , 
132569 , 
132346 , 
132173 , 
132576 , 
132337 , 
131870 , 
126536 , 
131863 , 
132314 , 
126427 , 
126436 , 
126440 , 
126372 , 
126402 , 
126432 , 
131958 , 
132698 , 
132712 , 
126318 , 
126324 , 
126323 , 
126326 , 
131848 , 
131843 , 
133267 , 
126282 , 
126263 , 
126303 , 
126261 , 
126268 , 
133605 , 
131881 , 
126257 , 
126092 , 
126177 , 
126116 , 
126080 , 
126125 , 
126056 , 
126133 , 
126094 , 
126101 , 
126157 , 
126224 , 
126170 , 
126204 , 
126173 , 
126237 , 
126220 , 
126210 , 
125999 , 
126038 , 
125988 , 
125958 , 
125854 , 
125839 , 
125836 , 
125624 , 
125738 , 
125796 , 
125682 , 
125611 , 
125527 , 
125524 , 
125490 , 
125488 , 
125368 , 
125264 , 
125321 , 
125315 , 
125252 , 
125403 , 
125344 , 
125342 , 
125336 , 
125182 , 
125313 , 
125282 , 
125350 , 
125378 , 
125276 , 
125188 , 
125245 , 
125294 , 
125386 , 
125287 , 
124776 , 
124700 , 
124565 , 
124525 , 
124460 , 
124430 , 
124295 , 
124106 , 
124100 , 
124099 , 
124057 , 
123932 , 
123937 , 
123926 , 
123925 , 
123808 , 
123666 , 
123772 , 
123799 , 
123720 , 
123696 , 
123565 , 
123372 , 
123345 , 
123500 , 
123369 , 
123363 , 
123405 , 
123421 , 
123437 , 
123401 , 
123366 , 
123373 , 
123435 , 
123342 , 
123305 , 
123510 , 
123203 , 
123255 , 
123142 , 
122688 , 
122906 , 
122676 , 
122671 , 
122778 , 
122776 , 
122753 , 
122675 , 
122789 , 
122849 , 
122869 , 
122683 , 
122770 , 
122793 , 
122944 , 
122595 , 
122516 , 
122585 , 
122550 , 
122491 , 
122440 , 
122401 , 
122365 , 
122373 , 
122107 , 
122104 , 
122203 , 
121927 , 
122145 , 
122167 , 
122165 , 
121900 , 
121859 , 
121898 , 
121836 , 
121840 , 
121887 , 
121848 , 
121800 , 
121803 , 
121399 , 
121303 , 
121301 , 
121299 , 
121260 , 
121201 , 
121188 , 
121218 , 
121216 , 
121183 , 
121105 , 
121119 , 
121132 , 
121103 , 
121115 , 
121116 , 
121114 , 
121110 , 
120812 , 
120938 , 
120889 , 
120858 , 
120857 , 
120856 , 
120881 , 
120859 , 
120797 , 
120807 , 
120614 , 
120738 , 
120610 , 
120573 , 
120547 , 
120582 , 
120569 , 
120580 , 
120575 , 
120553 , 
120563 , 
120565 , 
120552 , 
120421 , 
120438 , 
120294 , 
120278 , 
120279 , 
120295 , 
120275 , 
120260 , 
120264 , 
120289 , 
120254 , 
120291 , 
120274 , 
120255 , 
120237 , 
120249 , 
120113 , 
120146 , 
120213 , 
120236 , 
120239 , 
120137 , 
120139 , 
120219 , 
120082 , 
120038 , 
120102 , 
120066 , 
120047 , 
120042 , 
120076 , 
120089 , 
120095 , 
120081 , 
120065 , 
120055 , 
120075 , 
120025 , 
119917 , 
119912 , 
119819 , 
119875 , 
119855 , 
119872 , 
119864 , 
119831 , 
119836 , 
119878 , 
119877 , 
119753 , 
119779 , 
119750 , 
119785 , 
119660 , 
119761 , 
119754 , 
119663 , 
119749 , 
119465 , 
119497 , 
119481 , 
119477 , 
119414 , 
119370 , 
119420 , 
119352 , 
119434 , 
119299 , 
119296 , 
119219 , 
119238 , 
119223 , 
119281 , 
119234 , 
119283 , 
119221 , 
119245 , 
119269 , 
119252 , 
119271 , 
119257 , 
119226 , 
119249 , 
119083 , 
119095 , 
119104 , 
119018 , 
119032 , 
119036 , 
118994 , 
119005 , 
118997 , 
119006 , 
118987 , 
118988 , 
119030 , 
119021 , 
119041 , 
118991 , 
118869 , 
118831 , 
118844 , 
118839 , 
118751 , 
118739 , 
118741 , 
118747 , 
118731 , 
118710 , 
118705 , 
118708 , 
118715 , 
118738 , 
118658 , 
118657 , 
118636 , 
118602 , 
118596 , 
118612 , 
118608 , 
118619 , 
118601 , 
118498 , 
118511 , 
118499 , 
118204 , 
118207 , 
118041 , 
118071 , 
118039 , 
118009 , 
118017 , 
118008 , 
118057 , 
118055 , 
118050 , 
117970 , 
117940 , 
117971 , 
117869 , 
117855 , 
117844 , 
117865 , 
117839 , 
117747 , 
117730 , 
117728 , 
117729 , 
117576 , 
117589 , 
117616 , 
117620 , 
117584 , 
117596 , 
117562 , 
117597 , 
117608 , 
117391 , 
117386 , 
117378 , 
117387 , 
117354 , 
117307 , 
117304 , 
117339 , 
117318 , 
117305 , 
117328 , 
117358 , 
117357 , 
117084 , 
117075 , 
117071 , 
117070 , 
116896 , 
116836 , 
116891 , 
116776 , 
116899 , 
116833 , 
116767 , 
116904 , 
116799 , 
116769 , 
116856 , 
116879 , 
116857 , 
116766 , 
116870 , 
116860 , 
116796 , 
116818 , 
116845 , 
116853 , 
116756 , 
116484 , 
116270 , 
115830 , 
115870 , 
115856 , 
115861 , 
115833 , 
115849 , 
115864 , 
115840 , 
115829 , 
115793 , 
115786 , 
115803 , 
115807 , 
115799 , 
115796 , 
115810 , 
115800 , 
115713 , 
115763 , 
115691 , 
115732 , 
115711 , 
115695 , 
115735 , 
115725 , 
115758 , 
115762 , 
115709 , 
115693 , 
115546 , 
115539 , 
115524 , 
115545 , 
115525 , 
115522 , 
115549 , 
115519 , 
115536 , 
115515 , 
115499 , 
115501 , 
115505 , 
115223 , 
115221 , 
115128 , 
115141 , 
115212 , 
115161 , 
115120 , 
115168 , 
115144 , 
115182 , 
115201 , 
115180 , 
115206 , 
115170 , 
115142 , 
115149 , 
115050 , 
115034 , 
115051 , 
115043 , 
115044 , 
115046 , 
114952 , 
114798 , 
114736 , 
114797 , 
114794 , 
114756 , 
114480 , 
114476 , 
114471 , 
114499 , 
114487 , 
114467 , 
114469 , 
114451 , 
114454 , 
114442 , 
114466 , 
114189 , 
114188 , 
114192 , 
114136 , 
114149 , 
114147 , 
114138 , 
114154 , 
114131 , 
114107 , 
114100 , 
114129 , 
114124 , 
114127 , 
114118 , 
113794 , 
113796 , 
113792 , 
113786 , 
113797 , 
113760 , 
113779 , 
113770 , 
113780 , 
113775 , 
113773 , 
113645 , 
113641 , 
113626 , 
113649 , 
113647 , 
113623 , 
113622 , 
113631 , 
113627 , 
113610 , 
113592 , 
113601 , 
113583 , 
113560 , 
113589 , 
113616 , 
113552 , 
113579 , 
113576 , 
113233 , 
113231 , 
113238 , 
113247 , 
113230 , 
113135 , 
113087 , 
113064 , 
113074 , 
113077 , 
113079 , 
113053 , 
113052 , 
112708 , 
112623 , 
112719 , 
112730 , 
112723 , 
112650 , 
112733 , 
112728 , 
112724 , 
112659 , 
112715 , 
112666 , 
112632 , 
112624 , 
112687 , 
112664 , 
112736 , 
112681 , 
112712 , 
112707 , 
112615 , 
112597 , 
112609 , 
112563 , 
112555 , 
112561 , 
112554 , 
112557 , 
112542 , 
112553 , 
112572 , 
112587 , 
112352 , 
112363 , 
112334 , 
112333 , 
112346 , 
112340 , 
112350 , 
112368 , 
112366 , 
112326 , 
112323 , 
112316 , 
112320 , 
112307 , 
112315 , 
112310 , 
112302 , 
112331 , 
112022 , 
112023 , 
112009 , 
112001 , 
112014 , 
112000 , 
112003 , 
112018 , 
111998 , 
112019 , 
111945 , 
111938 , 
111936 , 
111981 , 
111990 , 
111991 , 
111966 , 
111963 , 
111957 , 
111973 , 
111974 , 
111948 , 
111978 , 
111985 , 
111986 , 
111876 , 
111847 , 
111863 , 
111877 , 
111878 , 
111861 , 
111873 , 
111760 , 
111799 , 
111808 , 
111826 , 
111764 , 
111794 , 
111788 , 
111803 , 
111791 , 
111776 , 
111815 , 
111795 , 
111779 , 
111765 , 
111793 , 
111785 , 
111810 , 
111824 , 
111761 , 
111668 , 
111639 , 
111571 , 
111564 , 
111556 , 
111557 , 
111568 , 
111297 , 
111286 , 
111228 , 
111272 , 
111248 , 
111261 , 
111217 , 
111282 , 
111287 , 
111229 , 
111247 , 
111291 , 
111271 , 
111220 , 
111235 , 
111283 , 
111255 , 
111221 , 
111243 , 
111237 , 
111257 , 
111046 , 
111056 , 
111052 , 
111053 , 
111050 , 
111066 , 
111070 , 
111069 , 
111068 , 
110983 , 
111026 , 
111007 , 
111006 , 
110993 , 
110995 , 
111005 , 
110988 , 
110991 , 
110982 , 
110782 , 
110768 , 
110778 , 
110772 , 
110781 , 
110733 , 
110734 , 
110744 , 
110695 , 
110742 , 
110762 , 
110716 , 
110702 , 
110748 , 
110745 , 
110726 , 
110729 , 
110553 , 
110534 , 
110533 , 
110531 , 
110540 , 
110488 , 
110492 , 
110520 , 
110491 , 
110508 , 
110505 , 
110522 , 
110302 , 
110316 , 
110320 , 
110308 , 
110294 , 
110313 , 
110303 , 
110292 , 
110281 , 
110224 , 
110271 , 
110246 , 
110263 , 
110284 , 
110250 , 
110245 , 
110249 , 
110260 , 
110243 , 
109996 , 
109965 , 
109893 , 
109922 , 
109895 , 
109909 , 
109920 , 
109732 , 
109676 , 
109643 , 
109647 , 
109657 , 
109632 , 
109630 , 
109646 , 
109649 , 
109640 , 
109662 , 
109684 , 
109611 , 
109608 , 
109600 , 
109606 , 
109530 , 
109527 , 
109538 , 
109599 , 
109571 , 
109545 , 
109524 , 
109585 , 
109564 , 
109201 , 
109199 , 
109198 , 
109211 , 
109110 , 
109169 , 
109191 , 
109137 , 
109096 , 
109160 , 
109154 , 
109166 , 
109114 , 
109170 , 
109133 , 
109140 , 
109132 , 
109130 , 
109141 , 
109112 , 
109128 , 
109126 , 
109124 , 
109174 , 
108951 , 
108942 , 
108947 , 
108967 , 
108936 , 
108960 , 
108533 , 
108526 , 
108517 , 
108547 , 
108578 , 
108535 , 
108571 , 
108540 , 
108559 , 
107474 , 
106967 , 
106744 , 
106441 , 
133824 , 
133311 , 
133277 , 
133402 , 
133508 , 
133626 , 
133556 , 
133121 , 
132884 , 
132871 , 
132934 , 
133091 , 
132993 , 
132964 , 
132971 , 
132685 , 
132649 , 
131987 , 
131786 , 
132209 , 
132103 , 
132044 , 
132458 , 
130815 , 
130787 , 
130718 , 
130801 , 
130669 , 
130548 , 
132250 , 
132031 , 
132495 , 
132268 , 
126811 , 
126821 , 
126830 , 
132162 , 
132375 , 
126619 , 
126575 , 
126562 , 
126661 , 
126434 , 
131921 , 
126332 , 
126328 , 
126317 , 
126311 , 
132705 , 
131928 , 
126292 , 
131888 , 
126096 , 
126079 , 
126227 , 
125969 , 
125851 , 
125559 , 
125756 , 
125749 , 
125803 , 
125724 , 
125455 , 
125476 , 
125270 , 
125153 , 
125278 , 
125406 , 
125283 , 
132737 , 
124949 , 
125011 , 
125006 , 
124855 , 
124829 , 
124636 , 
124624 , 
124608 , 
124453 , 
121430 , 
119891 , 
113722 , 
111118 , 
133798 , 
132883 , 
133235 , 
131817 , 
132477 , 
125158 , 
133801 , 
132900 , 
126145 , 
132745 , 
126819 , 
126559 , 
126293 , 
126058 , 
125663 , 
125821 , 
125723 , 
125339 , 
125358 , 
125417 , 
125377 , 
125372 , 
125236 , 
125384 , 
125155 , 
125392 , 
125072 , 
125043 , 
124926 , 
124984 , 
124938 , 
124974 , 
124864 , 
124722 , 
124677 , 
124685 , 
124496 , 
124423 , 
124392 , 
124126 , 
124010 , 
124090 , 
123918 , 
123843 , 
123924 , 
123913 , 
123677 , 
123712 , 
123561 , 
123317 , 
123535 , 
123493 , 
123496 , 
123320 , 
123459 , 
123461 , 
123536 , 
123109 , 
122861 , 
122846 , 
122932 , 
122691 , 
122855 , 
122859 , 
122821 , 
122810 , 
122457 , 
122540 , 
122502 , 
122442 , 
122553 , 
122501 , 
122396 , 
122257 , 
122209 , 
122278 , 
122092 , 
122158 , 
122118 , 
121965 , 
121950 , 
121815 , 
121890 , 
121551 , 
121498 , 
121425 , 
121363 , 
121374 , 
121302 , 
121329 , 
121356 , 
121377 , 
121263 , 
121247 , 
121245 , 
121137 , 
120809 , 
120907 , 
120838 , 
120914 , 
120759 , 
120655 , 
120675 , 
120740 , 
120583 , 
120345 , 
120282 , 
120216 , 
120231 , 
120041 , 
119970 , 
119985 , 
119852 , 
119830 , 
119817 , 
119662 , 
119725 , 
119657 , 
119688 , 
119549 , 
119539 , 
119610 , 
119444 , 
119476 , 
119407 , 
119387 , 
119314 , 
119338 , 
119381 , 
119337 , 
119418 , 
119244 , 
119240 , 
119114 , 
119137 , 
119191 , 
119063 , 
119183 , 
119002 , 
118990 , 
119019 , 
118941 , 
118922 , 
118786 , 
118847 , 
118849 , 
118691 , 
118680 , 
118555 , 
118399 , 
118392 , 
118440 , 
118348 , 
118270 , 
118250 , 
118094 , 
117906 , 
117901 , 
117939 , 
117938 , 
117979 , 
117831 , 
117663 , 
117639 , 
117641 , 
117709 , 
117582 , 
117609 , 
117458 , 
117535 , 
117481 , 
117545 , 
117494 , 
117418 , 
117371 , 
117332 , 
117235 , 
117147 , 
117272 , 
117041 , 
116964 , 
116982 , 
117010 , 
116993 , 
116824 , 
116840 , 
116903 , 
116886 , 
116827 , 
116829 , 
116900 , 
116873 , 
116765 , 
116542 , 
116562 , 
116491 , 
116515 , 
116466 , 
116004 , 
116244 , 
116192 , 
115876 , 
116047 , 
116096 , 
115902 , 
115813 , 
115760 , 
115706 , 
115708 , 
115718 , 
115690 , 
115776 , 
115670 , 
115556 , 
115605 , 
115673 , 
115420 , 
115424 , 
115303 , 
115298 , 
115267 , 
115159 , 
115129 , 
115158 , 
115131 , 
115121 , 
115150 , 
115139 , 
115184 , 
115041 , 
115012 , 
115025 , 
114981 , 
114838 , 
114851 , 
114776 , 
114754 , 
114739 , 
114781 , 
114725 , 
114639 , 
114619 , 
114509 , 
114611 , 
114514 , 
114495 , 
114449 , 
114362 , 
114356 , 
114325 , 
114140 , 
114106 , 
114019 , 
113843 , 
113963 , 
113925 , 
114073 , 
113840 , 
113784 , 
113759 , 
113755 , 
113669 , 
113630 , 
113618 , 
113593 , 
113354 , 
113269 , 
113533 , 
113516 , 
113538 , 
113264 , 
113513 , 
113398 , 
113335 , 
113236 , 
113215 , 
113122 , 
113143 , 
113100 , 
113073 , 
112793 , 
112908 , 
113008 , 
112822 , 
112772 , 
112749 , 
112706 , 
112689 , 
112703 , 
112629 , 
112548 , 
112547 , 
112398 , 
112406 , 
112533 , 
112538 , 
112341 , 
112328 , 
112068 , 
112222 , 
112006 , 
111904 , 
111900 , 
111852 , 
111819 , 
111830 , 
111705 , 
111732 , 
111743 , 
111683 , 
111672 , 
111604 , 
111325 , 
111405 , 
111172 , 
110914 , 
110819 , 
110632 , 
110608 , 
110607 , 
110613 , 
110603 , 
110611 , 
110532 , 
110548 , 
110559 , 
110326 , 
110257 , 
110040 , 
110101 , 
110056 , 
110045 , 
110112 , 
110197 , 
110047 , 
109990 , 
109959 , 
109970 , 
109953 , 
109932 , 
109992 , 
109885 , 
109903 , 
109843 , 
109701 , 
109722 , 
109735 , 
109790 , 
109654 , 
109602 , 
109587 , 
109529 , 
109544 , 
109261 , 
109342 , 
109323 , 
109264 , 
109298 , 
109501 , 
109460 , 
109406 , 
109382 , 
109263 , 
109008 , 
108893 , 
108806 , 
108604 , 
108610 , 
108730 , 
108516 , 
107729 , 
107858 , 
107755 , 
107831 , 
107821 , 
107701 , 
107702 , 
107712 , 
107696 , 
107543 , 
107504 , 
107411 , 
107453 , 
107344 , 
107333 , 
107258 , 
107343 , 
107221 , 
107110 , 
107085 , 
107147 , 
107153 , 
107104 , 
107155 , 
107073 , 
106886 , 
106717 , 
106484 , 
106434 , 
106359 , 
106424 , 
106383 , 
106470 , 
106377 , 
106236 , 
106250 , 
106221 , 
106349 , 
106054 , 
106059 , 
106097 , 
105747 , 
105855 , 
105775 , 
105629 , 
105656 , 
105621 , 
105678 , 
105647 , 
105499 , 
105539 , 
105374 , 
105459 , 
105453 , 
105526 , 
105487 , 
105334 , 
105305 , 
105235 , 
105210 , 
105333 , 
105353 , 
105161 , 
104964 , 
104923 , 
104924 , 
104819 , 
104828 , 
104962 , 
104938 , 
104753 , 
104713 , 
104653 , 
104566 , 
104463 , 
104454 , 
104242 , 
104283 , 
104298 , 
104328 , 
104412 , 
104254 , 
104262 , 
104246 , 
104316 , 
104164 , 
104137 , 
104148 , 
104210 , 
104190 , 
104199 , 
104174 , 
103913 , 
103975 , 
103891 , 
103844 , 
103865 , 
103772 , 
103716 , 
103746 , 
103722 , 
103771 , 
103672 , 
103683 , 
103528 , 
103506 , 
103548 , 
103527 , 
103386 , 
103406 , 
103349 , 
103314 , 
103219 , 
103150 , 
103254 , 
103201 , 
102971 , 
102979 , 
102987 , 
102947 , 
102787 , 
102740 , 
102620 , 
102168 , 
101011 , 
133961 , 
133875 , 
133928 , 
133916 , 
133653 , 
133285 , 
133749 , 
133457 , 
132901 , 
133077 , 
133152 , 
133094 , 
133212 , 
133151 , 
133591 , 
133092 , 
133075 , 
133174 , 
132765 , 
132832 , 
133583 , 
132695 , 
133569 , 
132008 , 
130575 , 
130605 , 
132543 , 
132330 , 
132256 , 
132723 , 
132546 , 
132463 , 
131938 , 
131930 , 
126742 , 
126414 , 
131861 , 
131954 , 
132229 , 
132624 , 
132350 , 
126215 , 
126199 , 
126187 , 
126100 , 
126254 , 
126003 , 
125915 , 
125902 , 
125284 , 
125345 , 
125256 , 
125394 , 
125183 , 
124675 , 
124655 , 
124554 , 
124204 , 
123929 , 
123878 , 
123554 , 
123380 , 
123266 , 
123161 , 
123007 , 
123080 , 
122940 , 
122740 , 
122402 , 
122428 , 
121854 , 
121754 , 
121717 , 
121584 , 
121627 , 
121437 , 
121438 , 
121423 , 
121526 , 
121409 , 
121330 , 
121331 , 
121371 , 
120977 , 
120880 , 
120777 , 
120551 , 
120572 , 
120426 , 
120053 , 
120101 , 
120091 , 
119680 , 
119525 , 
119490 , 
119347 , 
119279 , 
119232 , 
119120 , 
119025 , 
118993 , 
118951 , 
118740 , 
118621 , 
118537 , 
118514 , 
118451 , 
118059 , 
118031 , 
117734 , 
117642 , 
117600 , 
117361 , 
117346 , 
117000 , 
116792 , 
116779 , 
116605 , 
116571 , 
115798 , 
115788 , 
115749 , 
115541 , 
115520 , 
115315 , 
115372 , 
115270 , 
115252 , 
115044 , 
115021 , 
114144 , 
113443 , 
113223 , 
113090 , 
112948 , 
112696 , 
112718 , 
112638 , 
112694 , 
112616 , 
112567 , 
112462 , 
112306 , 
111825 , 
111673 , 
111662 , 
111390 , 
111260 , 
111227 , 
111263 , 
111049 , 
111027 , 
110976 , 
110736 , 
110517 , 
110238 , 
109942 , 
109935 , 
109771 , 
109677 , 
109664 , 
109570 , 
109557 , 
109097 , 
108948 , 
108624 , 
108847 , 
108515 , 
107563 , 
133558 , 
132633 , 
132570 , 
132480 , 
126160 , 
117594 , 
125268 , 
133812 , 
133808 , 
133666 , 
133278 , 
133621 , 
133270 , 
133269 , 
132849 , 
132913 , 
133115 , 
133095 , 
132956 , 
133117 , 
132998 , 
132977 , 
132963 , 
132830 , 
132663 , 
132684 , 
132151 , 
131785 , 
132191 , 
132075 , 
132111 , 
132106 , 
130814 , 
130721 , 
130713 , 
130766 , 
130755 , 
130649 , 
132271 , 
132040 , 
132178 , 
126703 , 
132198 , 
132309 , 
126611 , 
131952 , 
132156 , 
132411 , 
131899 , 
126255 , 
126137 , 
132753 , 
126033 , 
131877 , 
125629 , 
125513 , 
133826 , 
133804 , 
134121 , 
131769 , 
133570 , 
132390 , 
133608 , 
126088 , 
125480 , 
132184 , 
126276 , 
125934 , 
125690 , 
125334 , 
125087 , 
124893 , 
124866 , 
124764 , 
124665 , 
123393 , 
122047 , 
121723 , 
133313 , 
133446 , 
133731 , 
133741 , 
133427 , 
133461 , 
133448 , 
133744 , 
134059 , 
134058 , 
134057 , 
134056 , 
133374 , 
133387 , 
133386 , 
133791 , 
133661 , 
133707 , 
133366 , 
133786 , 
133712 , 
133361 , 
133735 , 
133354 , 
133401 , 
133753 , 
134114 , 
134113 , 
133637 , 
133233 , 
133256 , 
133602 , 
133199 , 
132863 , 
132848 , 
132909 , 
132911 , 
133265 , 
133176 , 
133592 , 
133170 , 
132982 , 
133262 , 
133589 , 
133261 , 
132688 , 
133236 , 
132821 , 
133156 , 
133154 , 
132063 , 
132280 , 
132439 , 
131792 , 
131787 , 
131693 , 
131780 , 
132275 , 
132527 , 
132497 , 
126790 , 
126765 , 
132321 , 
132708 , 
131954 , 
131960 , 
132700 , 
131850 , 
132291 , 
131845 , 
131904 , 
133609 , 
132595 , 
131889 , 
132756 , 
133028 , 
132049 , 
131747 , 
130816 , 
130811 , 
126463 , 
126446 , 
126435 , 
126443 , 
126325 , 
132702 , 
126306 , 
126300 , 
131898 , 
126255 , 
126084 , 
126191 , 
126174 , 
126123 , 
126184 , 
126086 , 
126193 , 
126198 , 
126057 , 
132753 , 
126033 , 
126010 , 
126002 , 
125989 , 
125580 , 
125475 , 
125290 , 
125432 , 
125366 , 
125352 , 
125301 , 
125304 , 
125291 , 
132736 , 
126853 , 
131859 , 
132758 , 
126192 , 
132733 , 
132192 , 
132279 , 
132718 , 
131897 , 
126241 , 
131880 , 
132746 , 
125494 , 
125423 , 
125311 , 
132719 , 
126178 , 
126091 , 
126172 , 
125709 , 
125491 , 
125370 , 
125346 , 
125354 , 
125356 , 
125387 , 
125375 , 
125220 , 
125413 , 
125338 , 
125309 , 
125269 , 
125376 , 
125177 , 
125132 , 
125335 , 
125244 , 
125424 , 
125251 , 
125271 , 
125243 , 
125240 , 
125390 , 
124664 , 
124498 , 
123709 , 
123359 , 
122856 , 
122899 , 
122820 , 
122902 , 
122509 , 
122536 , 
122358 , 
122128 , 
121227 , 
121121 , 
120769 , 
119948 , 
119980 , 
119696 , 
119541 , 
119331 , 
119341 , 
119320 , 
119074 , 
118590 , 
118609 , 
118497 , 
117928 , 
117922 , 
132845 , 
132869 , 
133584 , 
133157 , 
132442 , 
132195 , 
132440 , 
133574 , 
131806 , 
131768 , 
131798 , 
132734 , 
132335 , 
133572 , 
132435 , 
132185 , 
132722 , 
132475 , 
130597 , 
132388 , 
132175 , 
126744 , 
132716 , 
131867 , 
126452 , 
126457 , 
132710 , 
131860 , 
126327 , 
131895 , 
131887 , 
132837 , 
125501 , 
125407 , 
125229 , 
132807 , 
133831 , 
133810 , 
133796 , 
133802 , 
133815 , 
133901 , 
133896 , 
133861 , 
134085 , 
133885 , 
133880 , 
134025 , 
133734 , 
133946 , 
133836 , 
133938 , 
133911 , 
133325 , 
133351 , 
133384 , 
133429 , 
133499 , 
133531 , 
133781 , 
133633 , 
133754 , 
133738 , 
133194 , 
133087 , 
132943 , 
132881 , 
132920 , 
132898 , 
132926 , 
132892 , 
132872 , 
132888 , 
133217 , 
133225 , 
133098 , 
133243 , 
133024 , 
132764 , 
132983 , 
132965 , 
132978 , 
133164 , 
132601 , 
132681 , 
132645 , 
132687 , 
131988 , 
132059 , 
131677 , 
131665 , 
131652 , 
131719 , 
131807 , 
131758 , 
132223 , 
132048 , 
131995 , 
132251 , 
132726 , 
132431 , 
130818 , 
130615 , 
130614 , 
130651 , 
130577 , 
130648 , 
132242 , 
132564 , 
132252 , 
132470 , 
132247 , 
131942 , 
132264 , 
126725 , 
126768 , 
126755 , 
126858 , 
126721 , 
132312 , 
132324 , 
131869 , 
132316 , 
132840 , 
132384 , 
132378 , 
126592 , 
126675 , 
126641 , 
126455 , 
126366 , 
132360 , 
132586 , 
132172 , 
132579 , 
132294 , 
133607 , 
132504 , 
131941 , 
132287 , 
131920 , 
126267 , 
126269 , 
132288 , 
132297 , 
131914 , 
132376 , 
126113 , 
132838 , 
125895 , 
125903 , 
125936 , 
125775 , 
125773 , 
125526 , 
132741 , 
125352 , 
125161 , 
125295 , 
125218 , 
125421 , 
124935 , 
124865 , 
124609 , 
133817 , 
133814 , 
134081 , 
134072 , 
134184 , 
134175 , 
132939 , 
132945 , 
132941 , 
132885 , 
133242 , 
133263 , 
133578 , 
133588 , 
133585 , 
132520 , 
126852 , 
126853 , 
126621 , 
133604 , 
125353 , 
125436 , 
125329 , 
125034 , 
132809 , 
133827 , 
133829 , 
133818 , 
132932 , 
132862 , 
132882 , 
132903 , 
132936 , 
132921 , 
133177 , 
133581 , 
132732 , 
130817 , 
132474 , 
132464 , 
131872 , 
126283 , 
126200 , 
125880 , 
132739 , 
132836 , 
125408 , 
126492 , 
126357 , 
126087 , 
126212 , 
126214 , 
126119 , 
125719 , 
125737 , 
125734 , 
125816 , 
125627 , 
125698 , 
125779 , 
125014 , 
124880 , 
124853 , 
123888 , 
123910 , 
123671 , 
122756 , 
122504 , 
122251 , 
122313 , 
122236 , 
122220 , 
122191 , 
121831 , 
119411 , 
119304 , 
119074 , 
118386 , 
134006 , 
134095 , 
133976 , 
134148 , 
133956 , 
133965 , 
133800 , 
133860 , 
133850 , 
133847 , 
133671 , 
133868 , 
133990 , 
133944 , 
133776 , 
133719 , 
133750 , 
133377 , 
133308 , 
134139 , 
133640 , 
133329 , 
133739 , 
134053 , 
133630 , 
133379 , 
133727 , 
133701 , 
133363 , 
133625 , 
133472 , 
133441 , 
134120 , 
133539 , 
133783 , 
133555 , 
133458 , 
133726 , 
133481 , 
133471 , 
134107 , 
133613 , 
133642 , 
133119 , 
133249 , 
132904 , 
133215 , 
133179 , 
133172 , 
132665 , 
132666 , 
133586 , 
132823 , 
133158 , 
133573 , 
132220 , 
132729 , 
132032 , 
132121 , 
133566 , 
130725 , 
132528 , 
132558 , 
133562 , 
132547 , 
132720 , 
132592 , 
132319 , 
126509 , 
133524 , 
125890 , 
132914 , 
124104 , 
113533 , 
133346 , 
132896 , 
132803 , 
132148 , 
132418 , 
132128 , 
130510 , 
126531 , 
126445 , 
131959 , 
132285 , 
132633 , 
125122 , 
125870 , 
133805 , 
126109 , 
130483 , 
125633 , 
125772 , 
125380 , 
125107 , 
124988 , 
123812 , 
123651 , 
122736 , 
122566 , 
122495 , 
118936 , 
132979 , 
132642 , 
133606 , 
133894 , 
132801 , 
132112 , 
133251 , 
132878 , 
132907 , 
124041 , 
133559 , 
132927 , 
131799 , 
133128 , 
132879 , 
132774 , 
131698 , 
131733 , 
131685 , 
130510 , 
130489 , 
126546 , 
133273 , 
126030 , 
125063 , 
132860 , 
132946 , 
126421 , 
125334 , 
125107 , 
122493 , 
120156 , 
120090 , 
132183 , 
131963 , 
130705 , 
130792 , 
132951 , 
125477 , 
132599 , 
132866 , 
130620 , 
126139 , 
126090 , 
132743 , 
132235 , 
126031 , 
125898 , 
125457 , 
125334 , 
125325 , 
125343 , 
124650 , 
123629 , 
122886 , 
122620 , 
122866 , 
122470 , 
122419 , 
122041 , 
120786 , 
120383 , 
120189 , 
118729 , 
117934 , 
132724 , 
132589 , 
134078 , 
134061 , 
126456 , 
134051 , 
134083 , 
134183 , 
134110 , 
133264 , 
134112 , 
131782 , 
131851 , 
125450 , 
125248 , 
125296 , 
132890 , 
126764 , 
126760 , 
126074 , 
126117 , 
126195 , 
126134 , 
126120 , 
125844 , 
125497 , 
125483 , 
125348 , 
125255 , 
125330 , 
125241 , 
125412 , 
123931 , 
123667 , 
123443 , 
123371 , 
123344 , 
123326 , 
123505 , 
123551 , 
123265 , 
123147 , 
122755 , 
122819 , 
122829 , 
122786 , 
122847 , 
122762 , 
122894 , 
122919 , 
122833 , 
122811 , 
122594 , 
122472 , 
122384 , 
121957 , 
121795 , 
121802 , 
121698 , 
121181 , 
120805 , 
120721 , 
120559 , 
120586 , 
120434 , 
120271 , 
120280 , 
120305 , 
120297 , 
120299 , 
120110 , 
119905 , 
119844 , 
119834 , 
119809 , 
119850 , 
119814 , 
119470 , 
119484 , 
119485 , 
119300 , 
119212 , 
119263 , 
119243 , 
119217 , 
119207 , 
119255 , 
119107 , 
119108 , 
119084 , 
119016 , 
119010 , 
119040 , 
119023 , 
118999 , 
118989 , 
118860 , 
118853 , 
118852 , 
118840 , 
118714 , 
118750 , 
118725 , 
118702 , 
118659 , 
118675 , 
118688 , 
118662 , 
118604 , 
118475 , 
118151 , 
118040 , 
118056 , 
117957 , 
117954 , 
117968 , 
117828 , 
117825 , 
117841 , 
117745 , 
117593 , 
117573 , 
117603 , 
117588 , 
117602 , 
117380 , 
117423 , 
117333 , 
117308 , 
117351 , 
117310 , 
117343 , 
117077 , 
117083 , 
117069 , 
116928 , 
116933 , 
116935 , 
116926 , 
116927 , 
116844 , 
116802 , 
116881 , 
116877 , 
116770 , 
116852 , 
116866 , 
116908 , 
116834 , 
116808 , 
116888 , 
116790 , 
116894 , 
116909 , 
116878 , 
116861 , 
116897 , 
116791 , 
116764 , 
116465 , 
116487 , 
116483 , 
116472 , 
116471 , 
116255 , 
116256 , 
115834 , 
115837 , 
115740 , 
115728 , 
115527 , 
134593 , 
134620 , 
134560 , 
134099 , 
134096 , 
134075 , 
134065 , 
134055 , 
134123 , 
134152 , 
133819 , 
134115 , 
133647 , 
126093 , 
123473 , 
126060 , 
134172 , 
134158 , 
132905 , 
132874 , 
132867 , 
130810 , 
130619 , 
132448 , 
132762 , 
126213 , 
132810 , 
132397 , 
126459 , 
126289 , 
126274 , 
126217 , 
126218 , 
126228 , 
126104 , 
126129 , 
126083 , 
126180 , 
125845 , 
125799 , 
125499 , 
125449 , 
125250 , 
125365 , 
125383 , 
125272 , 
125361 , 
125263 , 
125420 , 
125433 , 
125288 , 
125347 , 
125246 , 
123936 , 
123873 , 
123560 , 
123563 , 
123327 , 
123370 , 
123257 , 
123138 , 
123148 , 
123146 , 
122912 , 
122799 , 
122834 , 
122868 , 
122889 , 
122760 , 
122798 , 
122818 , 
122667 , 
122772 , 
122692 , 
122815 , 
122858 , 
122679 , 
122916 , 
122914 , 
122752 , 
122921 , 
122931 , 
122839 , 
122898 , 
122360 , 
122131 , 
121743 , 
121265 , 
121252 , 
121122 , 
121101 , 
120616 , 
120288 , 
120304 , 
120262 , 
120105 , 
120067 , 
120074 , 
119885 , 
119845 , 
119816 , 
119881 , 
119758 , 
119776 , 
119493 , 
119471 , 
119456 , 
119446 , 
119349 , 
119293 , 
119397 , 
119398 , 
119268 , 
119273 , 
119218 , 
119235 , 
119267 , 
119261 , 
119061 , 
118992 , 
118850 , 
118734 , 
118746 , 
118648 , 
118611 , 
118603 , 
118606 , 
118610 , 
118466 , 
118201 , 
118025 , 
118021 , 
118038 , 
118070 , 
118037 , 
118061 , 
118064 , 
118054 , 
118030 , 
117833 , 
117834 , 
117858 , 
117823 , 
117836 , 
117624 , 
117720 , 
117640 , 
117681 , 
117564 , 
117575 , 
117566 , 
117563 , 
117619 , 
117349 , 
117340 , 
117344 , 
117309 , 
117326 , 
117330 , 
117072 , 
116944 , 
116943 , 
116871 , 
116865 , 
116882 , 
116898 , 
116902 , 
116858 , 
116786 , 
116890 , 
116474 , 
116475 , 
116477 , 
116482 , 
115730 , 
115535 , 
134591 , 
134574 , 
134564 , 
134149 , 
134136 , 
134133 , 
134180 , 
134118 , 
134117 , 
134078 , 
134061 , 
126456 , 
134051 , 
134083 , 
134183 , 
134110 , 
133264 , 
134112 , 
131782 , 
131851 , 
125450 , 
125248 , 
125296 , 
132890 , 
126764 , 
126760 , 
126074 , 
126117 , 
126195 , 
126134 , 
126120 , 
125844 , 
125497 , 
125483 , 
125348 , 
125255 , 
125330 , 
125241 , 
125412 , 
123931 , 
123667 , 
123443 , 
123371 , 
123344 , 
123326 , 
123505 , 
123551 , 
123265 , 
123147 , 
122755 , 
122819 , 
122829 , 
122786 , 
122847 , 
122762 , 
122894 , 
122919 , 
122833 , 
122811 , 
122594 , 
122472 , 
122384 , 
121957 , 
121795 , 
121802 , 
121698 , 
121181 , 
120805 , 
120721 , 
120559 , 
120586 , 
120434 , 
120271 , 
120280 , 
120305 , 
120297 , 
120299 , 
120110 , 
119905 , 
119844 , 
119834 , 
119809 , 
119850 , 
119814 , 
119470 , 
119484 , 
119485 , 
119300 , 
119212 , 
119263 , 
119243 , 
119217 , 
119207 , 
119255 , 
119107 , 
119108 , 
119084 , 
119016 , 
119010 , 
119040 , 
119023 , 
118999 , 
118989 , 
118860 , 
118853 , 
118852 , 
118840 , 
118714 , 
118750 , 
118725 , 
118702 , 
118659 , 
118675 , 
118688 , 
118662 , 
118604 , 
118475 , 
118151 , 
118040 , 
118056 , 
117957 , 
117954 , 
117968 , 
117828 , 
117825 , 
117841 , 
117745 , 
117593 , 
117573 , 
117603 , 
117588 , 
117602 , 
117380 , 
117423 , 
117333 , 
117308 , 
117351 , 
117310 , 
117343 , 
117077 , 
117083 , 
117069 , 
116928 , 
116933 , 
116935 , 
116926 , 
116927 , 
116844 , 
116802 , 
116881 , 
116877 , 
116770 , 
116852 , 
116866 , 
116908 , 
116834 , 
116808 , 
116888 , 
116790 , 
116894 , 
116909 , 
116878 , 
116861 , 
116897 , 
116791 , 
116764 , 
116465 , 
116487 , 
116483 , 
116472 , 
116471 , 
116255 , 
116256 , 
115834 , 
115837 , 
115740 , 
115728 , 
115527 , 
134593 , 
134620 , 
134560 , 
134099 , 
134096 , 
134075 , 
134065 , 
134055 , 
134123 , 
134152 , 
133819 , 
134115 , 
133647 , 
126093 , 
123473 , 
126060 , 
134172 , 
134158 , 
132905 , 
132874 , 
132867 , 
130810 , 
130619 , 
132448 , 
132762 , 
126213 , 
132810 , 
132397 , 
126459 , 
126289 , 
126274 , 
126217 , 
126218 , 
126228 , 
126104 , 
126129 , 
126083 , 
126180 , 
125845 , 
125799 , 
125499 , 
125449 , 
125250 , 
125365 , 
125383 , 
125272 , 
125361 , 
125263 , 
125420 , 
125433 , 
125288 , 
125347 , 
125246 , 
123936 , 
123873 , 
123560 , 
123563 , 
123327 , 
123370 , 
123257 , 
123138 , 
123148 , 
123146 , 
122912 , 
122799 , 
122834 , 
122868 , 
122889 , 
122760 , 
122798 , 
122818 , 
122667 , 
122772 , 
122692 , 
122815 , 
122858 , 
122679 , 
122916 , 
122914 , 
122752 , 
122921 , 
122931 , 
122839 , 
122898 , 
122360 , 
122131 , 
121743 , 
121265 , 
121252 , 
121122 , 
121101 , 
120616 , 
120288 , 
120304 , 
120262 , 
120105 , 
120067 , 
120074 , 
119885 , 
119845 , 
119816 , 
119881 , 
119758 , 
119776 , 
119493 , 
119471 , 
119456 , 
119446 , 
119349 , 
119293 , 
119397 , 
119398 , 
119268 , 
119273 , 
119218 , 
119235 , 
119267 , 
119261 , 
119061 , 
118992 , 
118850 , 
118734 , 
118746 , 
118648 , 
118611 , 
118603 , 
118606 , 
118610 , 
118466 , 
118201 , 
118025 , 
118021 , 
118038 , 
118070 , 
118037 , 
118061 , 
118064 , 
118054 , 
118030 , 
117833 , 
117834 , 
117858 , 
117823 , 
117836 , 
117624 , 
117720 , 
117640 , 
117681 , 
117564 , 
117575 , 
117566 , 
117563 , 
117619 , 
117349 , 
117340 , 
117344 , 
117309 , 
117326 , 
117330 , 
117072 , 
116944 , 
116943 , 
116871 , 
116865 , 
116882 , 
116898 , 
116902 , 
116858 , 
116786 , 
116890 , 
116474 , 
116475 , 
116477 , 
116482 , 
115730 , 
115535 , 
134591 , 
134574 , 
134564 , 
134149 , 
134136 , 
134133 , 
134180 , 
134118 , 
134117 , 
126456 , 
131782 , 
131851 , 
125296 , 
132890 , 
126764 , 
126760 , 
126074 , 
126117 , 
126195 , 
126134 , 
126120 , 
125844 , 
125497 , 
125483 , 
125241 , 
125412 , 
123931 , 
123667 , 
123443 , 
123371 , 
123344 , 
123505 , 
123551 , 
123265 , 
123147 , 
122755 , 
122819 , 
122829 , 
122786 , 
122847 , 
122762 , 
122894 , 
122833 , 
122811 , 
122594 , 
122472 , 
122384 , 
121957 , 
121795 , 
121802 , 
121181 , 
120805 , 
120721 , 
120559 , 
120586 , 
120434 , 
120271 , 
120280 , 
120305 , 
120297 , 
120299 , 
120110 , 
119905 , 
119844 , 
119834 , 
119850 , 
119814 , 
119470 , 
119484 , 
119485 , 
119300 , 
119212 , 
119263 , 
119243 , 
119217 , 
119207 , 
119255 , 
119107 , 
119108 , 
119084 , 
119016 , 
119010 , 
119040 , 
119023 , 
118999 , 
118989 , 
118853 , 
118852 , 
118840 , 
118714 , 
118750 , 
118702 , 
118688 , 
118662 , 
118604 , 
118475 , 
118151 , 
118040 , 
118056 , 
117957 , 
117968 , 
117828 , 
117841 , 
117745 , 
117593 , 
117573 , 
117603 , 
117588 , 
117602 , 
117380 , 
117423 , 
117333 , 
117308 , 
117351 , 
117310 , 
117343 , 
117083 , 
117069 , 
116928 , 
116933 , 
116926 , 
116927 , 
116844 , 
116802 , 
116881 , 
116877 , 
116770 , 
116852 , 
116866 , 
116908 , 
116834 , 
116808 , 
116888 , 
116790 , 
116894 , 
116909 , 
116878 , 
116861 , 
116897 , 
116791 , 
116764 , 
116465 , 
116487 , 
116483 , 
116472 , 
116471 , 
116256 , 
115834 , 
115837 , 
115740 , 
126093 , 
132905 , 
132874 , 
132867 , 
130810 , 
130619 , 
132762 , 
126213 , 
132810 , 
126459 , 
126289 , 
126274 , 
126217 , 
126218 , 
126228 , 
126129 , 
126180 , 
125845 , 
125799 , 
125499 , 
125449 , 
125365 , 
125383 , 
125272 , 
125361 , 
125433 , 
125347 , 
125246 , 
123936 , 
123873 , 
123560 , 
123563 , 
123327 , 
123370 , 
123257 , 
123138 , 
123148 , 
123146 , 
122912 , 
122799 , 
122834 , 
122868 , 
122889 , 
122760 , 
122818 , 
122667 , 
122772 , 
122692 , 
122815 , 
122858 , 
122916 , 
122752 , 
122921 , 
122931 , 
122839 , 
122898 , 
122360 , 
122131 , 
121743 , 
121265 , 
121122 , 
121101 , 
120616 , 
120288 , 
120304 , 
120262 , 
120105 , 
120067 , 
120074 , 
119885 , 
119845 , 
119816 , 
119881 , 
119758 , 
119776 , 
119493 , 
119471 , 
119456 , 
119446 , 
119349 , 
119293 , 
119397 , 
119398 , 
119268 , 
119273 , 
119218 , 
119235 , 
119261 , 
119061 , 
118992 , 
118850 , 
118734 , 
118746 , 
118648 , 
118603 , 
118606 , 
118610 , 
118466 , 
118201 , 
118025 , 
118021 , 
118038 , 
118070 , 
118037 , 
118061 , 
118064 , 
118054 , 
118030 , 
117833 , 
117834 , 
117823 , 
117836 , 
117624 , 
117640 , 
117681 , 
117564 , 
117575 , 
117566 , 
117563 , 
117619 , 
117349 , 
117340 , 
117344 , 
117309 , 
117326 , 
117330 , 
117072 , 
116944 , 
116943 , 
116871 , 
116865 , 
116882 , 
116898 , 
116902 , 
116858 , 
116786 , 
116890 , 
116474 , 
116475 , 
116477 , 
116482 , 
115730 , 
115535 , 
134110 , 
125450 , 
125248 , 
125255 , 
123326 , 
123473 , 
126060 , 
132448 , 
132397 , 
126104 , 
126083 , 
125263 , 
125420 , 
125288 , 
122798 , 
190909 , 
182838 , 
190806 , 
190830 , 
190829 , 
191187 , 
191217 , 
190818 , 
191329 , 
182910 , 
175639 , 
190462 , 
180161 , 
182922 , 
182921 , 
189950 , 
180145 , 
190253 , 
190284 , 
180150 , 
190479 , 
190488 , 
190431 , 
