1312798 , 
1312753 , 
1312756 , 
1312646 , 
1312694 , 
1312678 , 
1312659 , 
1312613 , 
1312512 , 
1312445 , 
1311847 , 
1312556 , 
1312499 , 
1312655 , 
1312535 , 
1312549 , 
1310425 , 
1312529 , 
1312477 , 
1312526 , 
1312485 , 
1312435 , 
1312437 , 
1312444 , 
1312410 , 
1312312 , 
1312353 , 
1312356 , 
1311813 , 
1312299 , 
1311999 , 
1312325 , 
1312314 , 
1309967 , 
1312330 , 
1312292 , 
1312269 , 
1312165 , 
1312248 , 
1312253 , 
1312218 , 
1312025 , 
1312187 , 
1311766 , 
1312176 , 
1311818 , 
1312009 , 
1303065 , 
1312129 , 
1312126 , 
1311662 , 
1311811 , 
1312085 , 
1311880 , 
1312050 , 
1311747 , 
1307236 , 
1312026 , 
1312021 , 
1311937 , 
1312008 , 
1311910 , 
1311821 , 
1311510 , 
1311643 , 
1311611 , 
1311467 , 
1311550 , 
1311632 , 
1311939 , 
1311507 , 
1311486 , 
1311836 , 
1311944 , 
1311986 , 
1311949 , 
1311376 , 
1311675 , 
1311902 , 
1311774 , 
1311701 , 
1311859 , 
1311348 , 
1311360 , 
1311352 , 
1311241 , 
1311245 , 
1307322 , 
1311202 , 
1311151 , 
1311129 , 
1311103 , 
1311109 , 
1311050 , 
1310957 , 
1311063 , 
1310767 , 
1311027 , 
1311035 , 
1310996 , 
1306468 , 
1310943 , 
1308874 , 
1310774 , 
1310910 , 
1310825 , 
1310791 , 
1310758 , 
1310739 , 
1310687 , 
1310652 , 
1310452 , 
1310372 , 
1307858 , 
1310654 , 
1310352 , 
1302727 , 
1310411 , 
1298285 , 
1310304 , 
1310373 , 
1310376 , 
1310344 , 
1310334 , 
1310306 , 
1309038 , 
1310270 , 
1310212 , 
1310228 , 
1310245 , 
1307733 , 
1310215 , 
1310227 , 
1310196 , 
1310118 , 
1308510 , 
1310108 , 
1310151 , 
1310124 , 
1310115 , 
1307523 , 
1301382 , 
1309993 , 
1308869 , 
1310012 , 
1309487 , 
1309972 , 
1307585 , 
1309992 , 
1307608 , 
1307674 , 
1310049 , 
1309870 , 
1307504 , 
1310058 , 
1310055 , 
1309990 , 
1309976 , 
1309962 , 
1309949 , 
1309900 , 
1309931 , 
1309935 , 
1267217 , 
1309918 , 
1309880 , 
1309632 , 
1309720 , 
1307620 , 
1309901 , 
1309553 , 
1309881 , 
1307393 , 
1309899 , 
1309879 , 
1309882 , 
1309867 , 
1307508 , 
1307406 , 
1307588 , 
1309620 , 
1309630 , 
1307428 , 
1307474 , 
1307388 , 
1307424 , 
1307547 , 
1307565 , 
1307471 , 
1309569 , 
1307658 , 
1307617 , 
1307660 , 
1309547 , 
1307722 , 
1308516 , 
1309546 , 
1308488 , 
1307719 , 
1308515 , 
1308174 , 
1307848 , 
1307772 , 
1308491 , 
1307871 , 
1308504 , 
1307500 , 
1307447 , 
1276572 , 
1276368 , 
51781 , 
51778 , 
51776 , 
51773 , 
51767 , 
51720 , 
51725 , 
51741 , 
51740 , 
51742 , 
51727 , 
51743 , 
51732 , 
51729 , 
51722 , 
51687 , 
51685 , 
51668 , 
51661 , 
51655 , 
51647 , 
51629 , 
51616 , 
51600 , 
51548 , 
51546 , 
51519 , 
51505 , 
51486 , 
51480 , 
51479 , 
51466 , 
51464 , 
51450 , 
51419 , 
51389 , 
51355 , 
51352 , 
51343 , 
51309 , 
51289 , 
51280 , 
51286 , 
51287 , 
51284 , 
51282 , 
51285 , 
51275 , 
51258 , 
51251 , 
51250 , 
51247 , 
51245 , 
51243 , 
51237 , 
51231 , 
51224 , 
51223 , 
51221 , 
51208 , 
51206 , 
51203 , 
51191 , 
51188 , 
51174 , 
51154 , 
51152 , 
51145 , 
51144 , 
51128 , 
51124 , 
51088 , 
51082 , 
51081 , 
51067 , 
51064 , 
51044 , 
51031 , 
51022 , 
51020 , 
51019 , 
51010 , 
51002 , 
50983 , 
50962 , 
50960 , 
50957 , 
50952 , 
50949 , 
50948 , 
50944 , 
50933 , 
50930 , 
50918 , 
50917 , 
50915 , 
50912 , 
50911 , 
50899 , 
50886 , 
50884 , 
50882 , 
50870 , 
50848 , 
50844 , 
50840 , 
50838 , 
50822 , 
50819 , 
50810 , 
50792 , 
50786 , 
50772 , 
50771 , 
50746 , 
50744 , 
50742 , 
50738 , 
50736 , 
50724 , 
50719 , 
50714 , 
50711 , 
50700 , 
50697 , 
50685 , 
50676 , 
50669 , 
50645 , 
50621 , 
50609 , 
50603 , 
50597 , 
50593 , 
50573 , 
50562 , 
50542 , 
50537 , 
50530 , 
50515 , 
50511 , 
50506 , 
50498 , 
50496 , 
50475 , 
50458 , 
50454 , 
50446 , 
50444 , 
50432 , 
50425 , 
50418 , 
50415 , 
50406 , 
50402 , 
50390 , 
50379 , 
50367 , 
50347 , 
50345 , 
50344 , 
50342 , 
50317 , 
50315 , 
50299 , 
50296 , 
50288 , 
50283 , 
50277 , 
50257 , 
50242 , 
50241 , 
50237 , 
50229 , 
50228 , 
50227 , 
50214 , 
50207 , 
50205 , 
50183 , 
50182 , 
50178 , 
50155 , 
50143 , 
50137 , 
50134 , 
50130 , 
50119 , 
50106 , 
50103 , 
50102 , 
50093 , 
50089 , 
50088 , 
50091 , 
50090 , 
50084 , 
50056 , 
50047 , 
50041 , 
50023 , 
50019 , 
50006 , 
50003 , 
49997 , 
49996 , 
49993 , 
49992 , 
49990 , 
49984 , 
49973 , 
49965 , 
49964 , 
49963 , 
49955 , 
49941 , 
49940 , 
49937 , 
49921 , 
49920 , 
49911 , 
49907 , 
49906 , 
49905 , 
49902 , 
49896 , 
49895 , 
49890 , 
49888 , 
49864 , 
49850 , 
49849 , 
49847 , 
49844 , 
49842 , 
49833 , 
49824 , 
49822 , 
49821 , 
49820 , 
49819 , 
49816 , 
49811 , 
49803 , 
49796 , 
49779 , 
49775 , 
49766 , 
49750 , 
49746 , 
49739 , 
49738 , 
49737 , 
49731 , 
49723 , 
49721 , 
49710 , 
49702 , 
49658 , 
49657 , 
49648 , 
49647 , 
49645 , 
49638 , 
49619 , 
49610 , 
49607 , 
49603 , 
49600 , 
49596 , 
49585 , 
49581 , 
49573 , 
49567 , 
49561 , 
49555 , 
49550 , 
49536 , 
49514 , 
49515 , 
49510 , 
49509 , 
49507 , 
49505 , 
49502 , 
49489 , 
49488 , 
49487 , 
49480 , 
49477 , 
49474 , 
49461 , 
49460 , 
49459 , 
49401 , 
49400 , 
49390 , 
49387 , 
49386 , 
49385 , 
49365 , 
49354 , 
49350 , 
49347 , 
49348 , 
49349 , 
49344 , 
49346 , 
49343 , 
49340 , 
49331 , 
49330 , 
49285 , 
49275 , 
49262 , 
49257 , 
49254 , 
49253 , 
49250 , 
49249 , 
49248 , 
49240 , 
49239 , 
49220 , 
49206 , 
49196 , 
49191 , 
49193 , 
49190 , 
49187 , 
49189 , 
49186 , 
49185 , 
49182 , 
49176 , 
49175 , 
49172 , 
49159 , 
49143 , 
49128 , 
49118 , 
49080 , 
49075 , 
49071 , 
49064 , 
49050 , 
49035 , 
49034 , 
49025 , 
49015 , 
49013 , 
49012 , 
49006 , 
48999 , 
48989 , 
48987 , 
48985 , 
48984 , 
48978 , 
48975 , 
48969 , 
48955 , 
48954 , 
48951 , 
48940 , 
48912 , 
48906 , 
48890 , 
48881 , 
48859 , 
48843 , 
48840 , 
48839 , 
48838 , 
48818 , 
48807 , 
48806 , 
48805 , 
48799 , 
48801 , 
48797 , 
48795 , 
48794 , 
48782 , 
48781 , 
48779 , 
48750 , 
48736 , 
48721 , 
48712 , 
48711 , 
48708 , 
48703 , 
48698 , 
48685 , 
48675 , 
48671 , 
48663 , 
48654 , 
48652 , 
48651 , 
48648 , 
48646 , 
48645 , 
48643 , 
48632 , 
48626 , 
48619 , 
48618 , 
48610 , 
48605 , 
48597 , 
48596 , 
48593 , 
48590 , 
48589 , 
48587 , 
48581 , 
48579 , 
48577 , 
48570 , 
48554 , 
48551 , 
48530 , 
48516 , 
48508 , 
48506 , 
48501 , 
48495 , 
48488 , 
48485 , 
48473 , 
48468 , 
48466 , 
48463 , 
48456 , 
48450 , 
48447 , 
48433 , 
48419 , 
48418 , 
48414 , 
48409 , 
48406 , 
48405 , 
48404 , 
48390 , 
48373 , 
48362 , 
48360 , 
48358 , 
48349 , 
48341 , 
48315 , 
48313 , 
48309 , 
48292 , 
48305 , 
48297 , 
48298 , 
48266 , 
48264 , 
48260 , 
48245 , 
48236 , 
48233 , 
48230 , 
48228 , 
48222 , 
48221 , 
48216 , 
48205 , 
48204 , 
48195 , 
48191 , 
48183 , 
48178 , 
48161 , 
48129 , 
48127 , 
48122 , 
48120 , 
48114 , 
48112 , 
48105 , 
48100 , 
48093 , 
48082 , 
48057 , 
48052 , 
48051 , 
48049 , 
48041 , 
48031 , 
48029 , 
48027 , 
48005 , 
47996 , 
47995 , 
47988 , 
47986 , 
47978 , 
47977 , 
47963 , 
47952 , 
47943 , 
47942 , 
47938 , 
47935 , 
47918 , 
47916 , 
47891 , 
47889 , 
47882 , 
47881 , 
47872 , 
47865 , 
47853 , 
47847 , 
47841 , 
47835 , 
47830 , 
47809 , 
47808 , 
47801 , 
47796 , 
47789 , 
47769 , 
47762 , 
47751 , 
47740 , 
47736 , 
47733 , 
47721 , 
47727 , 
47717 , 
47713 , 
47711 , 
47706 , 
47693 , 
47686 , 
47683 , 
47679 , 
47676 , 
47664 , 
47660 , 
47657 , 
47655 , 
47643 , 
47636 , 
47634 , 
47631 , 
47617 , 
47587 , 
47585 , 
47582 , 
47581 , 
47579 , 
47573 , 
47555 , 
47524 , 
47523 , 
47488 , 
47481 , 
47482 , 
47472 , 
47468 , 
47467 , 
47465 , 
47462 , 
47454 , 
47450 , 
47447 , 
47445 , 
47430 , 
47424 , 
47413 , 
47402 , 
47401 , 
47400 , 
47395 , 
47393 , 
47387 , 
47385 , 
47374 , 
47365 , 
47344 , 
47343 , 
47329 , 
47315 , 
47314 , 
47311 , 
47310 , 
47297 , 
47286 , 
47276 , 
47267 , 
47230 , 
47218 , 
47210 , 
47208 , 
47205 , 
47201 , 
47200 , 
47171 , 
47166 , 
47145 , 
47144 , 
47134 , 
47104 , 
47098 , 
47092 , 
47083 , 
47074 , 
47070 , 
47065 , 
47053 , 
47051 , 
47013 , 
47008 , 
46981 , 
46972 , 
46969 , 
46965 , 
46964 , 
46962 , 
46961 , 
46943 , 
46931 , 
46930 , 
46928 , 
46925 , 
46922 , 
46909 , 
46904 , 
46900 , 
46894 , 
46888 , 
46887 , 
46880 , 
46876 , 
46867 , 
46847 , 
46846 , 
46845 , 
46844 , 
46835 , 
46827 , 
46825 , 
46824 , 
46820 , 
46815 , 
46812 , 
46810 , 
46809 , 
46804 , 
46805 , 
46783 , 
46781 , 
46768 , 
46761 , 
46760 , 
46756 , 
46731 , 
46721 , 
46720 , 
46715 , 
46711 , 
46704 , 
46701 , 
46690 , 
46684 , 
46679 , 
46678 , 
46675 , 
46670 , 
46668 , 
46652 , 
46619 , 
46616 , 
46601 , 
46599 , 
46588 , 
46584 , 
46558 , 
46524 , 
46508 , 
46499 , 
46495 , 
46488 , 
46487 , 
46484 , 
46483 , 
46476 , 
46452 , 
46446 , 
46438 , 
46434 , 
46425 , 
46420 , 
46390 , 
46387 , 
46362 , 
46331 , 
46309 , 
46306 , 
46305 , 
46296 , 
46282 , 
46280 , 
46279 , 
46270 , 
46268 , 
46267 , 
46264 , 
46245 , 
46235 , 
46228 , 
46227 , 
46226 , 
46223 , 
46216 , 
46197 , 
46196 , 
46195 , 
46190 , 
46186 , 
46185 , 
46184 , 
46167 , 
46157 , 
46155 , 
46142 , 
46140 , 
46138 , 
46137 , 
46124 , 
46121 , 
46118 , 
46114 , 
46107 , 
46102 , 
46098 , 
46097 , 
46091 , 
46080 , 
46078 , 
46076 , 
46075 , 
46065 , 
46064 , 
46059 , 
46045 , 
46039 , 
46033 , 
46027 , 
46008 , 
46006 , 
46002 , 
46000 , 
45997 , 
45987 , 
45981 , 
45966 , 
45963 , 
45953 , 
45947 , 
45946 , 
45945 , 
45943 , 
45921 , 
45920 , 
45900 , 
45895 , 
45886 , 
45857 , 
45846 , 
45842 , 
45833 , 
45828 , 
45825 , 
45824 , 
45823 , 
45815 , 
45799 , 
45794 , 
45784 , 
45783 , 
45777 , 
45776 , 
45773 , 
45757 , 
45744 , 
45743 , 
45737 , 
45740 , 
45727 , 
45735 , 
45731 , 
45730 , 
45701 , 
45686 , 
45684 , 
45682 , 
45681 , 
45674 , 
45670 , 
45665 , 
45664 , 
45663 , 
45662 , 
45659 , 
45637 , 
45635 , 
45625 , 
45606 , 
45600 , 
45594 , 
45564 , 
45551 , 
45536 , 
45527 , 
45523 , 
45483 , 
45479 , 
45478 , 
45462 , 
45457 , 
45451 , 
45448 , 
45444 , 
45418 , 
45356 , 
45342 , 
45338 , 
45324 , 
45321 , 
45302 , 
45292 , 
45280 , 
45261 , 
45260 , 
45239 , 
45234 , 
45208 , 
45195 , 
45192 , 
45190 , 
45184 , 
45177 , 
45149 , 
45147 , 
45140 , 
45125 , 
45122 , 
45121 , 
45114 , 
45110 , 
45118 , 
45117 , 
45091 , 
45087 , 
45078 , 
45066 , 
45064 , 
45058 , 
45041 , 
45038 , 
45036 , 
45033 , 
45026 , 
45025 , 
45005 , 
44998 , 
44992 , 
44985 , 
44980 , 
44976 , 
44964 , 
44956 , 
44954 , 
44946 , 
44943 , 
44941 , 
44939 , 
44923 , 
44903 , 
44901 , 
44872 , 
44865 , 
44863 , 
44848 , 
44846 , 
44842 , 
44831 , 
44827 , 
44824 , 
44823 , 
44822 , 
44811 , 
44805 , 
44804 , 
44796 , 
44794 , 
44783 , 
44777 , 
44771 , 
44768 , 
44756 , 
44755 , 
44746 , 
44732 , 
44727 , 
44725 , 
44720 , 
44718 , 
44716 , 
44709 , 
44706 , 
44687 , 
44666 , 
44664 , 
44655 , 
44650 , 
44649 , 
44639 , 
44638 , 
44633 , 
44627 , 
44626 , 
44622 , 
44618 , 
44617 , 
44612 , 
44609 , 
44605 , 
44594 , 
44589 , 
44588 , 
44583 , 
44582 , 
44579 , 
44568 , 
44560 , 
44558 , 
44548 , 
44546 , 
44532 , 
44531 , 
44522 , 
44521 , 
44511 , 
44502 , 
44499 , 
44498 , 
44497 , 
44492 , 
44489 , 
44483 , 
44474 , 
44470 , 
44464 , 
44463 , 
44461 , 
44456 , 
44454 , 
44449 , 
44443 , 
44431 , 
44430 , 
44426 , 
44424 , 
44419 , 
44413 , 
44393 , 
44372 , 
44365 , 
44338 , 
44273 , 
44254 , 
44228 , 
44217 , 
44211 , 
44194 , 
44178 , 
44173 , 
44170 , 
44166 , 
44165 , 
44164 , 
44162 , 
44149 , 
44128 , 
44112 , 
44101 , 
44099 , 
44096 , 
44093 , 
44092 , 
44091 , 
44089 , 
44084 , 
44073 , 
44046 , 
44045 , 
44044 , 
44043 , 
44040 , 
44027 , 
44019 , 
44015 , 
44006 , 
44002 , 
43993 , 
43974 , 
43968 , 
43965 , 
43962 , 
43958 , 
43949 , 
43933 , 
43928 , 
43926 , 
43924 , 
43923 , 
43922 , 
43913 , 
43909 , 
43891 , 
43881 , 
43868 , 
43863 , 
43861 , 
43844 , 
43832 , 
43831 , 
43829 , 
43806 , 
43804 , 
43795 , 
43794 , 
43789 , 
43788 , 
43785 , 
43776 , 
43769 , 
43755 , 
43753 , 
43752 , 
43749 , 
43743 , 
43734 , 
43722 , 
43714 , 
43710 , 
43709 , 
43699 , 
43692 , 
43685 , 
43684 , 
43658 , 
43652 , 
43649 , 
43645 , 
43637 , 
43625 , 
43624 , 
43616 , 
43573 , 
43570 , 
43546 , 
43544 , 
43542 , 
43541 , 
43536 , 
43526 , 
43521 , 
43519 , 
43518 , 
43511 , 
43509 , 
43504 , 
43496 , 
43495 , 
43492 , 
43481 , 
43479 , 
43453 , 
43441 , 
43437 , 
43434 , 
43421 , 
43407 , 
43406 , 
43405 , 
43403 , 
43398 , 
43397 , 
43383 , 
43381 , 
43368 , 
43367 , 
43339 , 
43330 , 
43316 , 
43310 , 
43300 , 
43293 , 
43290 , 
43289 , 
43272 , 
43270 , 
43260 , 
43246 , 
43237 , 
43235 , 
43228 , 
43224 , 
43213 , 
43211 , 
43210 , 
43202 , 
43200 , 
43188 , 
43174 , 
43171 , 
43169 , 
43168 , 
43156 , 
43153 , 
43150 , 
43146 , 
43139 , 
43100 , 
43099 , 
43094 , 
43030 , 
43017 , 
42998 , 
42994 , 
42991 , 
42990 , 
42989 , 
42985 , 
42984 , 
42980 , 
42952 , 
42942 , 
42936 , 
42935 , 
42932 , 
42916 , 
42915 , 
42906 , 
42905 , 
42901 , 
42900 , 
42871 , 
42859 , 
42856 , 
42849 , 
42838 , 
42835 , 
42830 , 
42821 , 
42820 , 
42798 , 
42795 , 
42792 , 
42788 , 
42784 , 
42751 , 
42749 , 
42742 , 
42735 , 
42723 , 
42722 , 
42721 , 
42683 , 
42679 , 
42662 , 
42648 , 
42646 , 
42642 , 
42641 , 
42636 , 
42632 , 
42630 , 
42627 , 
42624 , 
42615 , 
42608 , 
42604 , 
42590 , 
42576 , 
42574 , 
42565 , 
42551 , 
42549 , 
42547 , 
42545 , 
42544 , 
42541 , 
42539 , 
42536 , 
42527 , 
42526 , 
42477 , 
42472 , 
42471 , 
42453 , 
42449 , 
42435 , 
42425 , 
42414 , 
42408 , 
42405 , 
42399 , 
42395 , 
42376 , 
42374 , 
42364 , 
42354 , 
42349 , 
42339 , 
42310 , 
42299 , 
42288 , 
42280 , 
42278 , 
42255 , 
42230 , 
42229 , 
42223 , 
42219 , 
42205 , 
42191 , 
42183 , 
42182 , 
42164 , 
42160 , 
42148 , 
42123 , 
42097 , 
42079 , 
42068 , 
42065 , 
42053 , 
42042 , 
42033 , 
42025 , 
42021 , 
42018 , 
41996 , 
41982 , 
41979 , 
41977 , 
41968 , 
41954 , 
41943 , 
41930 , 
41929 , 
41927 , 
41922 , 
41917 , 
41907 , 
41905 , 
41902 , 
41898 , 
41888 , 
41871 , 
41869 , 
41846 , 
41839 , 
41829 , 
41819 , 
41818 , 
41779 , 
41770 , 
41769 , 
41757 , 
41735 , 
41727 , 
41724 , 
41721 , 
41686 , 
41679 , 
41676 , 
41675 , 
41674 , 
41673 , 
41671 , 
41670 , 
41669 , 
41667 , 
41661 , 
41648 , 
41647 , 
41638 , 
41622 , 
41620 , 
41617 , 
41608 , 
41604 , 
41603 , 
41587 , 
41583 , 
41574 , 
41572 , 
41543 , 
41538 , 
41516 , 
41514 , 
41504 , 
41500 , 
41493 , 
41478 , 
41477 , 
41465 , 
41459 , 
41457 , 
41456 , 
41452 , 
41449 , 
41434 , 
41425 , 
41391 , 
41385 , 
41384 , 
41383 , 
41381 , 
41380 , 
41375 , 
41367 , 
41366 , 
41365 , 
41364 , 
41361 , 
41344 , 
41339 , 
41334 , 
41327 , 
41324 , 
41323 , 
41314 , 
41303 , 
41286 , 
41266 , 
41260 , 
41246 , 
41245 , 
41241 , 
41240 , 
41238 , 
41235 , 
41215 , 
41213 , 
41212 , 
41210 , 
41187 , 
41182 , 
41180 , 
41170 , 
41166 , 
41165 , 
41162 , 
41161 , 
41158 , 
41153 , 
41149 , 
41134 , 
41132 , 
41126 , 
41119 , 
41109 , 
41105 , 
41102 , 
41100 , 
41098 , 
41083 , 
41082 , 
41078 , 
41076 , 
41075 , 
41054 , 
41051 , 
41049 , 
41044 , 
41038 , 
41019 , 
41016 , 
41008 , 
41007 , 
41003 , 
40984 , 
40960 , 
40925 , 
40924 , 
40923 , 
40922 , 
40891 , 
40890 , 
40857 , 
40845 , 
40841 , 
40839 , 
40829 , 
40828 , 
40808 , 
40793 , 
40790 , 
40780 , 
40778 , 
40775 , 
40762 , 
40759 , 
40757 , 
40750 , 
40738 , 
40729 , 
40714 , 
40713 , 
40705 , 
40702 , 
40691 , 
40685 , 
40670 , 
40668 , 
40666 , 
40659 , 
40656 , 
40649 , 
40644 , 
40633 , 
40621 , 
40606 , 
40602 , 
40600 , 
40587 , 
40586 , 
40579 , 
40578 , 
40571 , 
40570 , 
40566 , 
40554 , 
40550 , 
40545 , 
40538 , 
40537 , 
40533 , 
40528 , 
40526 , 
40522 , 
40521 , 
40515 , 
40512 , 
40503 , 
40497 , 
40496 , 
40489 , 
40472 , 
40466 , 
40461 , 
40424 , 
40414 , 
40405 , 
40391 , 
40386 , 
40375 , 
40356 , 
40354 , 
40350 , 
40344 , 
40341 , 
40337 , 
40334 , 
40309 , 
40307 , 
40269 , 
40260 , 
40259 , 
40245 , 
40226 , 
40224 , 
40222 , 
40213 , 
40196 , 
40189 , 
40174 , 
40161 , 
40154 , 
40149 , 
40136 , 
40116 , 
40096 , 
40090 , 
40077 , 
40070 , 
40063 , 
40062 , 
40047 , 
40030 , 
40023 , 
40022 , 
40021 , 
40015 , 
40013 , 
40008 , 
39993 , 
39990 , 
39987 , 
39983 , 
39979 , 
39970 , 
39958 , 
39938 , 
39919 , 
39915 , 
39904 , 
39902 , 
39890 , 
39888 , 
39875 , 
39873 , 
39869 , 
39868 , 
39867 , 
39858 , 
39857 , 
39856 , 
39833 , 
39827 , 
39826 , 
39805 , 
39788 , 
39785 , 
39744 , 
39741 , 
39725 , 
39723 , 
39722 , 
39716 , 
39689 , 
39687 , 
39676 , 
39664 , 
39647 , 
39639 , 
39624 , 
39598 , 
39596 , 
39571 , 
39526 , 
39520 , 
39519 , 
39513 , 
39490 , 
39485 , 
39480 , 
39478 , 
39473 , 
39468 , 
39465 , 
39462 , 
39461 , 
39459 , 
39444 , 
39413 , 
39372 , 
39347 , 
39311 , 
39301 , 
39274 , 
39265 , 
39243 , 
39234 , 
39231 , 
39228 , 
39224 , 
39216 , 
39211 , 
39188 , 
39184 , 
39183 , 
39179 , 
39176 , 
39175 , 
39172 , 
39164 , 
39161 , 
39160 , 
39159 , 
39150 , 
39146 , 
39129 , 
39127 , 
39125 , 
39124 , 
39120 , 
39113 , 
39108 , 
39103 , 
39100 , 
39096 , 
39092 , 
39082 , 
39078 , 
39059 , 
39021 , 
39017 , 
39015 , 
39011 , 
39009 , 
39005 , 
39000 , 
38987 , 
38986 , 
38954 , 
38953 , 
38948 , 
38943 , 
38929 , 
38925 , 
38922 , 
38921 , 
38910 , 
38856 , 
38854 , 
38838 , 
38836 , 
38792 , 
38787 , 
38784 , 
38770 , 
38767 , 
38763 , 
38755 , 
38749 , 
38746 , 
38726 , 
38710 , 
38700 , 
38692 , 
38685 , 
38678 , 
38677 , 
38668 , 
38667 , 
38658 , 
38650 , 
38632 , 
38628 , 
38623 , 
38619 , 
38617 , 
38609 , 
38558 , 
38554 , 
38529 , 
38535 , 
38531 , 
38501 , 
38493 , 
38488 , 
38472 , 
38465 , 
38463 , 
38462 , 
38454 , 
38412 , 
38406 , 
38393 , 
38389 , 
38368 , 
38357 , 
38354 , 
38345 , 
38343 , 
38342 , 
38340 , 
38339 , 
38337 , 
38329 , 
38322 , 
38312 , 
38308 , 
38301 , 
38297 , 
38289 , 
38287 , 
38274 , 
38271 , 
38268 , 
38260 , 
38258 , 
38257 , 
38234 , 
38229 , 
38223 , 
38189 , 
38181 , 
38177 , 
38147 , 
38146 , 
38142 , 
38133 , 
38132 , 
38128 , 
38112 , 
38099 , 
38095 , 
38082 , 
38078 , 
38056 , 
38006 , 
38002 , 
37996 , 
37984 , 
37978 , 
37968 , 
37954 , 
37952 , 
37908 , 
37897 , 
37888 , 
37887 , 
37886 , 
37883 , 
37881 , 
37880 , 
37874 , 
37863 , 
37861 , 
37860 , 
37858 , 
37857 , 
37856 , 
37852 , 
37850 , 
37844 , 
37843 , 
37841 , 
37840 , 
37835 , 
37819 , 
37816 , 
37795 , 
37794 , 
37790 , 
37788 , 
37787 , 
37784 , 
37776 , 
37761 , 
37757 , 
37753 , 
37748 , 
37746 , 
37745 , 
37744 , 
37739 , 
37726 , 
37720 , 
37716 , 
37709 , 
37688 , 
37680 , 
37664 , 
37642 , 
37641 , 
37636 , 
37626 , 
37625 , 
37604 , 
37594 , 
37588 , 
37587 , 
37490 , 
37485 , 
37483 , 
37476 , 
37475 , 
37472 , 
37469 , 
37461 , 
37456 , 
37451 , 
37448 , 
37400 , 
37357 , 
37354 , 
37348 , 
37341 , 
37338 , 
37331 , 
37329 , 
37293 , 
37285 , 
37255 , 
37242 , 
37234 , 
37229 , 
37227 , 
37225 , 
37214 , 
37213 , 
37211 , 
37209 , 
37207 , 
37204 , 
37183 , 
37180 , 
37168 , 
37163 , 
37148 , 
37145 , 
37140 , 
37138 , 
37129 , 
37127 , 
37125 , 
37118 , 
37113 , 
37112 , 
37110 , 
37108 , 
37106 , 
37105 , 
37093 , 
37092 , 
37089 , 
37085 , 
37079 , 
37078 , 
37077 , 
37069 , 
36949 , 
36946 , 
36945 , 
36937 , 
36934 , 
36932 , 
36930 , 
36925 , 
36922 , 
36911 , 
36910 , 
36867 , 
36863 , 
36853 , 
36851 , 
36840 , 
36838 , 
36834 , 
36833 , 
36790 , 
36788 , 
36787 , 
36774 , 
36772 , 
36768 , 
36762 , 
36761 , 
36710 , 
36698 , 
36697 , 
36695 , 
36648 , 
36646 , 
36645 , 
36627 , 
36597 , 
36594 , 
36590 , 
36583 , 
36580 , 
36579 , 
36569 , 
36568 , 
36567 , 
36566 , 
36543 , 
36542 , 
36540 , 
36537 , 
36533 , 
36528 , 
36524 , 
36522 , 
36515 , 
36512 , 
36510 , 
36502 , 
36496 , 
36491 , 
36489 , 
36481 , 
36480 , 
36475 , 
36474 , 
36472 , 
36470 , 
36469 , 
36468 , 
36461 , 
36454 , 
36427 , 
36423 , 
36418 , 
36414 , 
36413 , 
36411 , 
36391 , 
36384 , 
36383 , 
36381 , 
36376 , 
36372 , 
36371 , 
36369 , 
36367 , 
36366 , 
36360 , 
36359 , 
36356 , 
36354 , 
36353 , 
36352 , 
36348 , 
36337 , 
36320 , 
36313 , 
36302 , 
36300 , 
36299 , 
36298 , 
36284 , 
36283 , 
36281 , 
36256 , 
36254 , 
36243 , 
36225 , 
36214 , 
36206 , 
36205 , 
36198 , 
36079 , 
35693 , 
35692 , 
35687 , 
35684 , 
35682 , 
35663 , 
35628 , 
35549 , 
35544 , 
35540 , 
35534 , 
35531 , 
35527 , 
35525 , 
35518 , 
35514 , 
35506 , 
35426 , 
35419 , 
35401 , 
35378 , 
35366 , 
35365 , 
35361 , 
35358 , 
35354 , 
35352 , 
35349 , 
35345 , 
35325 , 
35324 , 
35320 , 
35319 , 
35318 , 
35317 , 
35312 , 
35311 , 
35305 , 
35304 , 
35296 , 
35291 , 
35285 , 
35278 , 
35277 , 
35272 , 
35271 , 
35269 , 
35266 , 
35265 , 
35263 , 
35251 , 
35240 , 
35238 , 
35222 , 
35219 , 
35216 , 
35204 , 
35203 , 
35201 , 
35198 , 
35194 , 
35184 , 
35182 , 
35160 , 
35159 , 
35158 , 
35147 , 
35097 , 
34851 , 
34847 , 
34838 , 
34836 , 
34833 , 
34827 , 
34824 , 
34821 , 
34820 , 
34729 , 
34727 , 
34723 , 
34718 , 
34711 , 
34698 , 
34690 , 
34653 , 
34631 , 
34601 , 
34600 , 
34493 , 
34476 , 
34474 , 
34464 , 
34462 , 
34446 , 
34426 , 
34412 , 
34411 , 
34409 , 
34407 , 
34405 , 
34403 , 
34400 , 
34389 , 
34382 , 
34381 , 
34376 , 
34366 , 
34354 , 
34353 , 
34352 , 
34337 , 
34336 , 
34327 , 
34324 , 
34322 , 
34321 , 
34306 , 
34302 , 
34287 , 
34286 , 
34284 , 
34281 , 
34278 , 
34251 , 
34247 , 
34244 , 
34235 , 
34234 , 
34221 , 
34211 , 
34204 , 
34198 , 
34197 , 
34196 , 
34189 , 
34184 , 
34177 , 
34175 , 
34031 , 
34029 , 
34020 , 
34017 , 
34016 , 
34015 , 
34014 , 
34012 , 
34009 , 
34007 , 
34000 , 
33986 , 
33983 , 
33806 , 
33720 , 
33717 , 
33716 , 
33707 , 
33705 , 
33702 , 
33684 , 
33663 , 
33657 , 
33655 , 
33648 , 
33642 , 
33638 , 
33611 , 
33610 , 
33609 , 
33604 , 
33593 , 
33590 , 
33588 , 
33578 , 
33577 , 
33570 , 
33567 , 
33563 , 
33550 , 
33535 , 
33533 , 
33531 , 
33522 , 
33513 , 
33479 , 
33380 , 
33353 , 
33345 , 
33314 , 
33248 , 
33198 , 
33195 , 
33191 , 
33189 , 
33188 , 
33185 , 
33183 , 
33175 , 
33172 , 
33162 , 
33161 , 
33148 , 
33145 , 
33135 , 
33118 , 
33116 , 
33101 , 
33099 , 
33096 , 
33091 , 
33089 , 
33085 , 
33082 , 
33061 , 
33058 , 
33054 , 
33052 , 
33051 , 
33049 , 
33043 , 
33042 , 
33041 , 
33039 , 
33038 , 
33032 , 
33030 , 
33029 , 
33023 , 
33019 , 
33014 , 
33013 , 
32991 , 
32989 , 
32984 , 
32967 , 
32962 , 
32960 , 
32957 , 
32956 , 
32950 , 
32949 , 
32946 , 
32938 , 
32932 , 
32874 , 
32871 , 
32869 , 
32868 , 
32866 , 
32863 , 
32854 , 
32846 , 
32834 , 
32515 , 
32500 , 
32495 , 
32488 , 
32463 , 
32429 , 
32424 , 
32421 , 
32418 , 
32417 , 
32410 , 
32406 , 
32400 , 
32395 , 
32360 , 
32359 , 
32358 , 
32356 , 
32336 , 
32333 , 
32325 , 
32317 , 
32315 , 
32314 , 
32304 , 
32299 , 
32296 , 
32291 , 
32281 , 
32276 , 
32269 , 
32266 , 
32251 , 
32244 , 
32170 , 
32115 , 
32111 , 
32107 , 
32099 , 
32096 , 
32088 , 
32086 , 
32084 , 
31956 , 
31955 , 
31941 , 
31940 , 
31933 , 
31895 , 
31874 , 
31870 , 
31868 , 
31867 , 
31865 , 
31832 , 
31794 , 
31792 , 
31787 , 
31750 , 
31746 , 
31745 , 
31724 , 
31723 , 
31718 , 
31703 , 
31694 , 
31686 , 
31684 , 
31683 , 
31674 , 
31673 , 
31670 , 
31663 , 
31661 , 
31660 , 
31659 , 
31657 , 
31644 , 
31642 , 
31641 , 
31640 , 
31639 , 
31638 , 
31637 , 
31635 , 
31634 , 
31632 , 
31625 , 
31624 , 
31618 , 
31614 , 
31613 , 
31612 , 
31610 , 
31598 , 
31593 , 
31591 , 
31589 , 
31585 , 
31583 , 
31563 , 
31516 , 
31506 , 
31505 , 
31504 , 
31503 , 
31502 , 
31501 , 
31496 , 
31493 , 
31475 , 
31473 , 
31466 , 
31455 , 
31454 , 
31453 , 
31451 , 
31438 , 
31433 , 
31419 , 
31414 , 
31410 , 
31409 , 
31408 , 
31407 , 
31406 , 
31405 , 
31401 , 
31400 , 
31383 , 
31373 , 
31372 , 
31370 , 
31369 , 
31359 , 
31352 , 
31343 , 
31334 , 
31326 , 
31325 , 
31253 , 
31252 , 
31250 , 
31245 , 
31225 , 
31219 , 
31200 , 
31075 , 
30946 , 
30942 , 
30920 , 
30876 , 
30870 , 
30865 , 
30766 , 
30754 , 
30750 , 
30713 , 
30630 , 
30627 , 
30601 , 
30600 , 
30597 , 
30596 , 
30595 , 
30577 , 
30576 , 
30567 , 
30563 , 
30560 , 
30558 , 
30557 , 
30518 , 
30515 , 
30510 , 
30501 , 
30498 , 
30496 , 
30482 , 
30470 , 
30466 , 
30443 , 
30436 , 
30240 , 
30191 , 
30175 , 
30173 , 
30171 , 
30160 , 
30158 , 
30043 , 
29990 , 
29978 , 
29977 , 
29974 , 
29943 , 
29928 , 
29918 , 
29898 , 
29897 , 
29864 , 
29862 , 
29859 , 
29847 , 
29827 , 
29815 , 
29813 , 
29812 , 
29808 , 
29807 , 
29806 , 
29800 , 
29788 , 
29781 , 
29776 , 
29772 , 
29751 , 
29737 , 
29475 , 
29472 , 
29466 , 
29342 , 
29340 , 
29313 , 
29300 , 
29297 , 
29296 , 
29293 , 
29287 , 
29284 , 
29283 , 
29275 , 
29274 , 
29269 , 
29267 , 
29257 , 
29253 , 
29234 , 
29226 , 
29222 , 
29213 , 
29207 , 
29206 , 
29205 , 
29186 , 
29183 , 
29179 , 
29176 , 
29168 , 
29163 , 
29159 , 
29155 , 
29149 , 
29144 , 
29140 , 
29127 , 
29124 , 
29116 , 
29110 , 
28857 , 
28845 , 
28834 , 
28711 , 
28692 , 
28691 , 
28690 , 
28688 , 
28669 , 
28668 , 
28663 , 
28659 , 
28655 , 
28653 , 
28652 , 
28651 , 
28645 , 
28630 , 
28629 , 
28626 , 
28614 , 
28609 , 
28605 , 
28595 , 
28583 , 
28580 , 
28579 , 
28569 , 
28568 , 
28563 , 
28558 , 
28549 , 
28542 , 
28533 , 
28527 , 
28526 , 
28525 , 
28507 , 
28505 , 
28503 , 
28497 , 
28279 , 
28223 , 
28217 , 
28204 , 
28152 , 
28134 , 
28111 , 
28093 , 
28073 , 
28053 , 
28044 , 
28041 , 
28018 , 
28015 , 
28013 , 
28009 , 
27998 , 
27981 , 
27978 , 
27976 , 
27969 , 
27965 , 
27944 , 
27939 , 
27918 , 
27915 , 
27913 , 
27911 , 
27901 , 
27899 , 
27893 , 
27892 , 
27890 , 
27886 , 
27880 , 
27640 , 
27638 , 
27621 , 
27620 , 
27587 , 
27560 , 
27552 , 
27512 , 
27508 , 
27507 , 
27452 , 
27449 , 
27436 , 
27420 , 
27404 , 
27397 , 
27383 , 
27381 , 
27376 , 
27374 , 
27373 , 
27371 , 
27370 , 
27364 , 
27360 , 
27357 , 
27356 , 
27354 , 
27353 , 
27346 , 
27328 , 
27326 , 
27317 , 
27312 , 
27309 , 
27288 , 
27285 , 
27284 , 
27281 , 
27278 , 
27275 , 
27261 , 
27258 , 
27250 , 
27249 , 
27234 , 
27233 , 
27229 , 
27228 , 
27226 , 
27197 , 
27193 , 
27176 , 
27171 , 
27165 , 
27159 , 
26800 , 
26791 , 
26668 , 
26611 , 
26605 , 
26604 , 
26585 , 
26569 , 
26568 , 
26567 , 
26564 , 
26542 , 
26540 , 
26537 , 
26535 , 
26531 , 
26527 , 
26510 , 
26506 , 
26504 , 
26502 , 
26496 , 
26492 , 
26471 , 
26467 , 
26461 , 
26459 , 
26457 , 
26453 , 
26444 , 
26439 , 
26217 , 
26179 , 
26103 , 
26017 , 
26010 , 
26004 , 
26001 , 
26000 , 
25993 , 
25982 , 
25963 , 
25962 , 
25959 , 
25950 , 
25946 , 
25944 , 
25943 , 
25933 , 
25930 , 
25928 , 
25906 , 
25888 , 
25879 , 
25877 , 
25876 , 
25875 , 
25874 , 
25873 , 
25872 , 
25866 , 
25861 , 
25858 , 
25851 , 
25850 , 
25843 , 
25840 , 
25833 , 
25832 , 
25829 , 
25826 , 
25823 , 
25742 , 
25737 , 
25725 , 
25723 , 
25722 , 
25716 , 
25707 , 
25704 , 
25344 , 
25341 , 
25336 , 
25333 , 
25332 , 
25329 , 
25310 , 
25305 , 
25304 , 
25302 , 
25297 , 
25287 , 
25283 , 
25278 , 
25273 , 
25248 , 
25234 , 
25230 , 
25221 , 
25205 , 
25202 , 
25183 , 
25175 , 
25174 , 
25170 , 
25162 , 
25152 , 
25146 , 
25135 , 
25125 , 
25109 , 
24845 , 
24784 , 
24726 , 
24713 , 
24708 , 
24707 , 
24695 , 
24692 , 
24660 , 
24655 , 
24647 , 
24646 , 
24645 , 
24640 , 
24636 , 
24625 , 
24620 , 
24619 , 
24608 , 
24600 , 
24598 , 
24594 , 
24585 , 
24584 , 
24577 , 
24569 , 
24567 , 
24560 , 
24553 , 
24542 , 
24540 , 
24534 , 
24530 , 
24514 , 
24512 , 
24509 , 
24503 , 
24488 , 
24486 , 
24465 , 
24451 , 
24230 , 
24144 , 
24142 , 
24119 , 
24075 , 
24069 , 
24063 , 
24058 , 
24057 , 
24043 , 
24039 , 
24038 , 
24037 , 
24036 , 
24032 , 
24019 , 
24018 , 
24007 , 
24002 , 
23995 , 
23991 , 
23987 , 
23986 , 
23984 , 
23968 , 
23947 , 
23945 , 
23936 , 
23920 , 
23906 , 
23900 , 
23898 , 
23888 , 
23882 , 
23594 , 
23554 , 
23553 , 
23551 , 
23543 , 
23542 , 
23537 , 
23528 , 
23518 , 
23516 , 
23505 , 
23492 , 
23482 , 
23477 , 
23472 , 
23466 , 
23464 , 
23451 , 
23450 , 
23432 , 
23372 , 
23362 , 
23358 , 
23357 , 
23356 , 
23353 , 
23349 , 
23308 , 
23293 , 
23288 , 
23287 , 
23283 , 
23275 , 
23273 , 
23258 , 
23248 , 
23242 , 
23236 , 
23213 , 
23209 , 
23207 , 
23201 , 
23200 , 
23196 , 
23194 , 
23185 , 
23181 , 
23161 , 
23160 , 
23153 , 
23151 , 
23149 , 
23138 , 
23124 , 
23123 , 
23116 , 
23115 , 
23088 , 
22853 , 
22737 , 
22721 , 
22634 , 
22633 , 
22605 , 
22598 , 
22585 , 
22557 , 
22548 , 
22547 , 
22539 , 
22535 , 
22533 , 
22532 , 
22530 , 
22528 , 
22519 , 
22518 , 
22515 , 
22505 , 
22499 , 
22496 , 
22495 , 
22491 , 
22482 , 
22467 , 
22465 , 
22459 , 
22454 , 
22448 , 
22438 , 
22436 , 
22421 , 
22409 , 
22406 , 
22402 , 
22400 , 
22389 , 
22382 , 
22379 , 
22373 , 
22372 , 
22370 , 
22192 , 
22190 , 
22179 , 
22172 , 
22103 , 
22074 , 
22073 , 
22072 , 
22071 , 
22070 , 
22069 , 
22068 , 
22067 , 
22066 , 
22065 , 
22064 , 
22063 , 
22062 , 
22061 , 
22060 , 
22059 , 
22058 , 
22057 , 
22056 , 
22055 , 
22054 , 
22053 , 
22052 , 
22051 , 
22050 , 
22049 , 
22048 , 
22047 , 
22046 , 
22045 , 
22044 , 
22043 , 
22042 , 
22041 , 
22040 , 
22039 , 
22038 , 
22037 , 
22036 , 
22035 , 
22034 , 
21962 , 
21906 , 
21898 , 
21895 , 
21884 , 
21864 , 
21863 , 
21855 , 
21851 , 
21848 , 
21845 , 
21843 , 
21840 , 
21830 , 
21829 , 
21826 , 
21809 , 
21808 , 
21802 , 
21799 , 
21791 , 
21790 , 
21787 , 
21778 , 
21768 , 
21764 , 
21759 , 
21756 , 
21753 , 
21746 , 
21736 , 
21734 , 
21727 , 
21726 , 
21722 , 
21704 , 
21703 , 
21696 , 
21687 , 
21680 , 
21678 , 
21658 , 
21653 , 
21651 , 
21643 , 
21642 , 
21635 , 
21564 , 
21375 , 
21374 , 
21369 , 
21368 , 
21362 , 
21339 , 
21338 , 
21240 , 
21189 , 
21177 , 
21176 , 
21130 , 
21126 , 
21121 , 
21116 , 
21112 , 
21111 , 
21106 , 
21105 , 
21081 , 
21070 , 
21061 , 
21058 , 
21055 , 
21051 , 
21045 , 
21044 , 
21029 , 
21023 , 
21015 , 
21006 , 
20992 , 
20988 , 
20981 , 
20953 , 
20947 , 
20945 , 
20942 , 
20941 , 
20933 , 
20927 , 
20860 , 
20839 , 
20777 , 
20541 , 
20533 , 
20496 , 
20291 , 
20208 , 
20015 , 
20227 , 
20153 , 
20224 , 
20413 , 
20394 , 
20108 , 
20489 , 
20249 , 
20316 , 
20248 , 
20315 , 
20488 , 
20487 , 
20218 , 
20314 , 
20104 , 
20311 , 
20310 , 
20305 , 
20304 , 
20486 , 
20239 , 
20298 , 
20235 , 
20263 , 
20367 , 
20402 , 
20491 , 
20259 , 
20490 , 
20342 , 
20221 , 
20135 , 
20397 , 
20331 , 
20493 , 
20133 , 
20089 , 
20126 , 
20264 , 
20372 , 
19338 , 
19335 , 
19381 , 
19848 , 
19342 , 
19790 , 
19506 , 
19480 , 
19716 , 
19555 , 
19694 , 
19540 , 
19562 , 
19499 , 
19634 , 
19791 , 
19421 , 
19419 , 
19548 , 
19690 , 
19405 , 
19582 , 
19403 , 
19399 , 
19715 , 
19703 , 
19392 , 
19611 , 
19441 , 
19440 , 
19433 , 
19541 , 
19426 , 
19941 , 
19508 , 
19966 , 
19647 , 
19868 , 
19879 , 
19902 , 
19511 , 
20173 , 
20024 , 
19939 , 
73572 , 
73012 , 
73008 , 
72651 , 
72640 , 
72635 , 
72641 , 
72609 , 
72568 , 
72555 , 
72444 , 
72440 , 
72439 , 
72427 , 
72400 , 
72399 , 
72395 , 
72348 , 
72301 , 
72300 , 
72265 , 
72184 , 
72175 , 
72171 , 
72170 , 
72155 , 
72149 , 
72146 , 
72145 , 
72141 , 
72138 , 
72134 , 
72133 , 
72104 , 
71842 , 
71600 , 
69487 , 
69445 , 
68899 , 
68719 , 
68663 , 
68555 , 
68217 , 
68215 , 
