273736 , 
273632 , 
273324 , 
273322 , 
272919 , 
272939 , 
273276 , 
272600 , 
272627 , 
272504 , 
271544 , 
272916 , 
273188 , 
271077 , 
271999 , 
271316 , 
271693 , 
271371 , 
271445 , 
271464 , 
271690 , 
271306 , 
271355 , 
271260 , 
270849 , 
270817 , 
270654 , 
270235 , 
270303 , 
270250 , 
270234 , 
269704 , 
269916 , 
266386 , 
268279 , 
268273 , 
267172 , 
267282 , 
267227 , 
267279 , 
267687 , 
267595 , 
267005 , 
266612 , 
266579 , 
267044 , 
266688 , 
266806 , 
266855 , 
267141 , 
266904 , 
265940 , 
266467 , 
265933 , 
266454 , 
266286 , 
265418 , 
265444 , 
265909 , 
265788 , 
265617 , 
263574 , 
265017 , 
265170 , 
264223 , 
264253 , 
264359 , 
264151 , 
264289 , 
264437 , 
263526 , 
263764 , 
263640 , 
264037 , 
263427 , 
273344 , 
273624 , 
273472 , 
273592 , 
273376 , 
273368 , 
273492 , 
273529 , 
273729 , 
273741 , 
273364 , 
273557 , 
273745 , 
273785 , 
273326 , 
273313 , 
273417 , 
273480 , 
273558 , 
273661 , 
273415 , 
273464 , 
273640 , 
273456 , 
273437 , 
266907 , 
273727 , 
273739 , 
273333 , 
273360 , 
273519 , 
273705 , 
273742 , 
273757 , 
273307 , 
273463 , 
273708 , 
273714 , 
273331 , 
273568 , 
273609 , 
273677 , 
273686 , 
273015 , 
272878 , 
272866 , 
272857 , 
272852 , 
272882 , 
272913 , 
272914 , 
272963 , 
272986 , 
273055 , 
272870 , 
272869 , 
272868 , 
272864 , 
272851 , 
272838 , 
272886 , 
272884 , 
272895 , 
272903 , 
272907 , 
272921 , 
272956 , 
272917 , 
272915 , 
273057 , 
273068 , 
273089 , 
273176 , 
272909 , 
272926 , 
272875 , 
273077 , 
273099 , 
273278 , 
272842 , 
272823 , 
272760 , 
272163 , 
272831 , 
272783 , 
272890 , 
272975 , 
272952 , 
272932 , 
272971 , 
272974 , 
273058 , 
273041 , 
273087 , 
273079 , 
272972 , 
272879 , 
272370 , 
272924 , 
272872 , 
272958 , 
272770 , 
272762 , 
273175 , 
272999 , 
271987 , 
272804 , 
273090 , 
272697 , 
272808 , 
273111 , 
273156 , 
273199 , 
273201 , 
271884 , 
272140 , 
272801 , 
272769 , 
272951 , 
273145 , 
272888 , 
272776 , 
272962 , 
273012 , 
272360 , 
272382 , 
272398 , 
272471 , 
272483 , 
272493 , 
272798 , 
272416 , 
272631 , 
272374 , 
272400 , 
272409 , 
272412 , 
272419 , 
272434 , 
272439 , 
272466 , 
272486 , 
272547 , 
272452 , 
272540 , 
272579 , 
272580 , 
272572 , 
272645 , 
272659 , 
272331 , 
272315 , 
272239 , 
272352 , 
272254 , 
272367 , 
272422 , 
272423 , 
272487 , 
272529 , 
272531 , 
272551 , 
272565 , 
272614 , 
272615 , 
272624 , 
272623 , 
272656 , 
272490 , 
272556 , 
272575 , 
272251 , 
272440 , 
272448 , 
272449 , 
272453 , 
272441 , 
272472 , 
272488 , 
272482 , 
272514 , 
272513 , 
272522 , 
272465 , 
272613 , 
272607 , 
272604 , 
272578 , 
272687 , 
272708 , 
272726 , 
272730 , 
271890 , 
272711 , 
272342 , 
272509 , 
272362 , 
272443 , 
272570 , 
272458 , 
272417 , 
272475 , 
271435 , 
272537 , 
272230 , 
272399 , 
272438 , 
269492 , 
272294 , 
272291 , 
272257 , 
272581 , 
272658 , 
272715 , 
272712 , 
272741 , 
272755 , 
272784 , 
272136 , 
272690 , 
272680 , 
272746 , 
272216 , 
270197 , 
271939 , 
272201 , 
272215 , 
272323 , 
272034 , 
272116 , 
271838 , 
271643 , 
271850 , 
271774 , 
271726 , 
271865 , 
271854 , 
271855 , 
271946 , 
271997 , 
272046 , 
272147 , 
272156 , 
272111 , 
272125 , 
272185 , 
272196 , 
271825 , 
271835 , 
271778 , 
271713 , 
271851 , 
271853 , 
271877 , 
271760 , 
271881 , 
271895 , 
271917 , 
271954 , 
271991 , 
272105 , 
272121 , 
272143 , 
272197 , 
272272 , 
272302 , 
271899 , 
270864 , 
270800 , 
271790 , 
271781 , 
271868 , 
271848 , 
271918 , 
271902 , 
271929 , 
271928 , 
271936 , 
271940 , 
271934 , 
271968 , 
271996 , 
272054 , 
271992 , 
272171 , 
272193 , 
272190 , 
272018 , 
270861 , 
272236 , 
271802 , 
272022 , 
271723 , 
272138 , 
272210 , 
272062 , 
272214 , 
272063 , 
272042 , 
272112 , 
272178 , 
272177 , 
272184 , 
271737 , 
271763 , 
271216 , 
272149 , 
272124 , 
272126 , 
272144 , 
272198 , 
272060 , 
272167 , 
271872 , 
271397 , 
271437 , 
271501 , 
271742 , 
271733 , 
271565 , 
271529 , 
271582 , 
271687 , 
271703 , 
271695 , 
271360 , 
271443 , 
271510 , 
271519 , 
271507 , 
271609 , 
271619 , 
271761 , 
271772 , 
271599 , 
271608 , 
271722 , 
269968 , 
271754 , 
269751 , 
271658 , 
271394 , 
271660 , 
271669 , 
271461 , 
271573 , 
271614 , 
271588 , 
271676 , 
271571 , 
271637 , 
271666 , 
271665 , 
270755 , 
271008 , 
271066 , 
271018 , 
270704 , 
271022 , 
271024 , 
271002 , 
270437 , 
271016 , 
270425 , 
270657 , 
270632 , 
270173 , 
270113 , 
270073 , 
270313 , 
270109 , 
270564 , 
270436 , 
270452 , 
270509 , 
270523 , 
270667 , 
270686 , 
270531 , 
270598 , 
270570 , 
269151 , 
270483 , 
270345 , 
270347 , 
269604 , 
269597 , 
269661 , 
269766 , 
270009 , 
269624 , 
269900 , 
269564 , 
269429 , 
268711 , 
268860 , 
268119 , 
267490 , 
264978 , 
264905 , 
264123 , 
264146 , 
262577 , 
273382 , 
273774 , 
273395 , 
273747 , 
273388 , 
273454 , 
273546 , 
273619 , 
273760 , 
272048 , 
273647 , 
273711 , 
272865 , 
272896 , 
273179 , 
272901 , 
273104 , 
273297 , 
273217 , 
272979 , 
272990 , 
272989 , 
272994 , 
272998 , 
273046 , 
273237 , 
273030 , 
273186 , 
272343 , 
272350 , 
272354 , 
272377 , 
272387 , 
272442 , 
272378 , 
272395 , 
272408 , 
272498 , 
272629 , 
272638 , 
272654 , 
272694 , 
272805 , 
270291 , 
272366 , 
272357 , 
272368 , 
272372 , 
272549 , 
272599 , 
272639 , 
272714 , 
272725 , 
272822 , 
272450 , 
272459 , 
272496 , 
272517 , 
272667 , 
272444 , 
272464 , 
272713 , 
272729 , 
272460 , 
272546 , 
272683 , 
272539 , 
272564 , 
270902 , 
272492 , 
272152 , 
272425 , 
272620 , 
272428 , 
272675 , 
272508 , 
272231 , 
272734 , 
272081 , 
272127 , 
272284 , 
272023 , 
272307 , 
271804 , 
271841 , 
271843 , 
272226 , 
272297 , 
272328 , 
271955 , 
271847 , 
272148 , 
272182 , 
272155 , 
271964 , 
272212 , 
271876 , 
269996 , 
272183 , 
272146 , 
272268 , 
272237 , 
271617 , 
271596 , 
271299 , 
271356 , 
271567 , 
271526 , 
271759 , 
271706 , 
271727 , 
271647 , 
271623 , 
270732 , 
270760 , 
270781 , 
270712 , 
271203 , 
270839 , 
270997 , 
270784 , 
269947 , 
270790 , 
270974 , 
270541 , 
270210 , 
270354 , 
270344 , 
270205 , 
270414 , 
270614 , 
270085 , 
269665 , 
269708 , 
269697 , 
269678 , 
269836 , 
269840 , 
269938 , 
269932 , 
270034 , 
269822 , 
270108 , 
269582 , 
269711 , 
269768 , 
269821 , 
269819 , 
268654 , 
269722 , 
269976 , 
269705 , 
269733 , 
269602 , 
269188 , 
269276 , 
269241 , 
269458 , 
269488 , 
268942 , 
269344 , 
269017 , 
268752 , 
268190 , 
267275 , 
267404 , 
267218 , 
267231 , 
267538 , 
267240 , 
267143 , 
267376 , 
267344 , 
267539 , 
267185 , 
267587 , 
267517 , 
267088 , 
266652 , 
267034 , 
267048 , 
266625 , 
266554 , 
266746 , 
266989 , 
267040 , 
267124 , 
267144 , 
266925 , 
267017 , 
266279 , 
266638 , 
266484 , 
266503 , 
266276 , 
265607 , 
265360 , 
265542 , 
265486 , 
265525 , 
265240 , 
264690 , 
264515 , 
263050 , 
